Player Name,Likes,Pos,Salary,Team,Opp,RS,Pitcher Name,Pitcher wOBA,Pitcher wOBA Diff,Pitcher Handedness,Hitter Handedness,Hitter wOBA,Hitter wOBA Diff,Hitter ISO,Hitter ISO Diff,Batting Order (Confirmed),Batting Order (Projected),Batting Order Diff,Park Factor,Temperature Factor,Wind Factor,L10 FP,L80 FP,S FP,Floor FP,Ceil FP,Proj FP,Proj Val,Actual FP,Actual Val
Bryce Harper,1,OF,5400,WAS,ARI,4.37,Ray,0.302,-4%,L,L,0.356,-8%,0.184,-20,3,3,0,-2%,-5%,0%,14.4,14.3,14.3,2.3,26.3,7.8,1.4,7.0,1.3
Mike Trout,8,OF,5300,LAA,@SEA,3.89,Iwakuma,0.291,-6%,R,R,0.414,0%,0.277,4,3,3,0,-6%,0%,0%,13.0,11.7,11.7,5.9,17.4,9.6,1.8,16.0,3.0
Mookie Betts,13,OF,5200,BOS,BAL,4.82,Gausman,0.347,6%,R,R,0.369,1%,0.193,0,3,3,0,4%,-5%,0%,6.1,7.9,7.9,-0.5,16.3,10.2,2.0,10.0,1.9
Jose Altuve,7,2B,5000,HOU,TEX,4.87,Martinez,0.352,7%,R,R,0.354,-3%,0.142,-4,3,3,0,0%,0%,3%,11.7,10.1,10.1,1.5,18.6,9.7,1.9,0.0,0.0
Nolan Arenado,5,3B,5000,COL,@SD,4.06,Weaver,0.330,2%,R,R,0.374,0%,0.270,3,3,3,0,-17%,-1%,0%,7.8,9.7,9.7,1.3,18.0,7.5,1.5,11.0,2.2
Trea Turner,6,SS,4900,WAS,ARI,4.37,Ray,0.345,5%,L,R,0.327,1%,0.086,-3,1,1,1,-1%,-5%,0%,15.9,12.6,12.6,0.2,25.1,8.8,1.8,3.0,0.6
Charlie Blackmon,6,OF,4900,COL,@SD,4.06,Weaver,0.323,1%,R,L,0.372,3%,0.207,11,1,1,0,-15%,-1%,0%,13.6,10.3,10.3,2.5,18.1,7.7,1.6,16.0,3.3
Manny Machado,4,3B,4900,BAL,@BOS,4.18,Pomeranz,0.291,-6%,L,R,0.342,-4%,0.171,-16,3,3,0,8%,-6%,0%,10.5,8.4,8.4,0.9,15.9,8.8,1.8,0.0,0.0
Paul Goldschmidt,10,1B,4900,ARI,@WAS,3.63,Gonzalez,0.313,-2%,L,R,0.437,9%,0.246,7,3,3,0,-2%,-5%,0%,15.8,11.3,11.3,3.7,18.8,8.8,1.8,5.0,1.0
Daniel Murphy,1,2B,4800,WAS,ARI,4.37,Ray,0.302,-4%,L,L,0.311,-10%,0.115,-30,5,6,0,-1%,-5%,0%,13.8,10.9,10.9,0.6,21.3,6.2,1.3,0.0,0.0
Ryan Braun,,OF,4800,MIL,@STL,3.42,TBA,,%,,R,,%,,,x,3,-,-1%,-11%,-2%,8.0,10.8,10.8,2.3,19.2,0.0,0.0,0.0,0.0
Joey Votto,2,1B,4800,CIN,PIT,4.30,Taillon,0.300,-4%,R,L,0.408,1%,0.222,2,3,3,0,2%,-6%,0%,12.4,10.1,10.1,1.8,18.4,7.8,1.6,9.0,1.9
Hanley Ramirez,10,1B/OF,4800,BOS,BAL,4.82,Gausman,0.347,6%,R,R,0.338,-5%,0.170,-14,4,4,0,4%,-6%,0%,10.7,8.0,8.0,1.2,14.8,9.2,1.9,2.0,0.4
Freddie Freeman,3,1B,4800,ATL,NYM,3.95,deGrom,0.284,-8%,R,L,0.404,5%,0.247,17,3,3,0,-3%,-1%,0%,14.5,13.3,13.3,2.6,24.0,8.0,1.7,5.0,1.0
Carlos Correa,6,SS,4800,HOU,TEX,4.87,Martinez,0.352,7%,R,R,0.356,2%,0.192,0,4,4,0,0%,0%,4%,7.9,6.4,6.4,1.3,11.5,9.3,1.9,23.0,4.8
Kris Bryant,1,3B,4800,CHC,PHI,3.93,Eickhoff,0.254,-14%,R,R,0.374,-3%,0.219,-8,2,2,0,1%,-8%,-4%,13.6,10.6,10.6,2.4,18.9,6.9,1.4,6.0,1.3
Anthony Rizzo,5,1B,4800,CHC,PHI,3.93,Eickhoff,0.345,5%,R,L,0.391,3%,0.259,11,3,3,0,-3%,-7%,-4%,11.2,9.7,9.7,2.1,17.4,8.2,1.7,5.0,1.0
George Springer,6,OF,4700,HOU,TEX,4.87,Martinez,0.352,7%,R,R,0.339,-4%,0.185,-10,1,1,0,0%,0%,4%,6.7,8.9,8.9,0.9,16.8,9.5,2.0,12.0,2.6
Ryan Zimmerman,6,1B,4700,WAS,ARI,4.37,Ray,0.345,5%,L,R,0.378,12%,0.258,24,4,4,0,0%,-6%,0%,18.9,14.4,14.4,5.4,23.4,7.8,1.7,8.0,1.7
Josh Donaldson,1,3B,4700,TOR,@NYY,4.13,Sabathia,0.350,7%,L,R,0.424,9%,0.304,22,x,x,-,0%,0%,0%,9.4,9.4,9.4,2.7,16.1,0.0,0.0,0.0,0.0
Miguel Cabrera,1,1B,4700,DET,CLE,3.61,Carrasco,0.273,-10%,R,R,0.396,-2%,0.219,-5,3,3,0,0%,-6%,-1%,12.0,8.2,8.2,0.3,16.1,6.5,1.4,3.0,0.6
Eric Thames,,1B,4700,MIL,@STL,3.42,TBA,,%,,L,,%,,,x,2,-,-12%,-11%,-2%,9.9,12.8,12.8,2.9,22.6,0.0,0.0,0.0,0.0
Brian Dozier,4,2B,4700,MIN,OAK,4.45,Graveman,0.317,-1%,R,R,0.338,-3%,0.209,-4,1,1,0,2%,-5%,0%,8.9,8.8,8.8,2.0,15.6,8.3,1.8,13.0,2.8
Wil Myers,0,1B,4600,SD,COL,3.94,Senzatela,,-1%,R,R,0.330,0%,0.187,7,3,3,0,-2%,-1%,0%,10.6,10.0,10.0,1.1,18.8,8.0,1.7,10.0,2.2
Andrew McCutchen,1,OF,4500,PIT,@CIN,4.20,Davis,,-1%,R,R,0.369,-2%,0.195,-3,3,3,0,5%,-6%,0%,8.8,7.4,7.4,1.2,13.6,8.3,1.8,16.0,3.6
Mark Trumbo,1,OF,4500,BAL,@BOS,4.18,Pomeranz,0.291,-6%,L,R,0.335,0%,0.242,7,4,5,0,8%,-7%,0%,5.3,6.0,6.0,-1.2,13.2,8.0,1.8,4.0,0.9
Francisco Lindor,4,SS,4500,CLE,@DET,4.39,Boyd,0.353,7%,L,S,0.347,-1%,0.161,0,2,2,0,0%,-5%,-1%,9.4,10.3,10.3,0.6,19.9,8.5,1.9,10.0,2.2
Gary Sanchez,,C,4500,NYY,TOR,3.87,Stroman,0.295,-5%,R,R,0.424,6%,0.327,13,x,x,-,0%,0%,0%,4.8,4.8,4.8,-4.3,13.9,0.0,0.0,0.0,0.0
Xander Bogaerts,3,SS,4400,BOS,BAL,4.82,Gausman,0.347,6%,R,R,0.316,-4%,0.116,-5,5,1,-3,4%,-5%,0%,6.7,7.0,7.0,2.3,11.6,8.0,1.8,12.0,2.7
Rougned Odor,1,2B,4400,TEX,@HOU,3.63,Morton,0.342,5%,R,L,0.329,2%,0.217,10,2,4,2,1%,0%,4%,5.2,5.7,5.7,-2.0,13.4,8.9,2.0,8.0,1.8
J.D. Martinez,,OF,4400,DET,CLE,3.61,Carrasco,0.273,-10%,R,R,0.378,1%,0.232,-1,x,x,-,0%,0%,0%,0.0,0.0,0.0,0.0,0.0,0.0,0.0,0.0,0.0
Carlos Gonzalez,3,OF,4400,COL,@SD,4.06,Weaver,0.323,1%,R,L,0.378,8%,0.251,12,4,4,0,-15%,-1%,0%,7.4,5.5,5.5,1.1,10.0,7.3,1.7,3.0,0.7
Adam Jones,0,OF,4400,BAL,@BOS,4.18,Pomeranz,0.291,-6%,L,R,0.330,0%,0.176,-5,2,2,0,8%,-6%,0%,7.8,7.8,7.8,1.3,14.2,7.9,1.8,0.0,0.0
Ian Kinsler,,2B,4300,DET,CLE,3.61,Carrasco,0.273,-10%,R,R,0.330,-2%,0.149,-4,1,1,0,1%,-5%,-1%,6.9,7.6,7.6,0.0,15.1,6.1,1.4,0.0,0.0
Jonathan Villar,,2B,4300,MIL,@STL,3.42,TBA,,%,,S,,%,,,x,1,-,-7%,-8%,-1%,8.9,8.0,8.0,-0.5,16.5,0.0,0.0,0.0,0.0
Jose Abreu,3,1B,4300,CWS,@KC,3.33,Karns,0.341,5%,R,R,0.372,0%,0.211,-1,4,4,0,2%,-9%,0%,9.8,6.7,6.7,-0.9,14.4,6.9,1.6,14.0,3.3
Ian Desmond,3,OF,4300,COL,@SD,4.06,Weaver,0.330,2%,R,R,0.311,-3%,0.159,-2,5,5,1,-15%,-1%,0%,6.5,6.5,6.5,1.6,11.4,6.7,1.6,33.0,7.7
Nelson Cruz,4,OF,4300,SEA,LAA,4.11,Nolasco,0.348,6%,R,R,0.368,-4%,0.248,-5,4,4,0,-5%,0%,0%,15.5,10.0,10.0,1.8,18.2,8.0,1.9,11.0,2.6
Adam Duvall,1,OF,4300,CIN,PIT,4.30,Taillon,0.297,-5%,R,R,0.330,1%,0.262,3,4,4,0,1%,-7%,0%,10.0,9.9,9.9,0.1,19.7,6.9,1.6,6.0,1.4
Giancarlo Stanton,11,OF,4300,MIA,@TB,4.09,Snell,0.326,2%,L,R,0.440,13%,0.347,22,4,4,0,-4%,0%,0%,9.0,8.9,8.9,-0.5,18.2,9.9,2.3,9.0,2.1
Dexter Fowler,,OF,4300,STL,MIL,4.08,TBA,,%,,S,,%,,,x,1,-,-1%,-9%,-1%,8.7,7.3,7.3,-0.8,15.4,0.0,0.0,0.0,0.0
Trevor Story,1,SS,4300,COL,@SD,4.06,Weaver,0.330,2%,R,R,0.344,-5%,0.258,-7,x,x,-,0%,0%,0%,7.6,7.0,7.0,0.7,13.3,0.0,0.0,0.0,0.0
Jackie Bradley Jr.,,OF,4200,BOS,BAL,4.82,Gausman,0.302,-4%,R,L,0.316,1%,0.188,11,x,x,-,0%,0%,0%,4.0,5.4,5.4,-0.9,11.8,0.0,0.0,0.0,0.0
Michael Brantley,,OF,4200,CLE,@DET,4.39,Boyd,0.366,5%,L,L,0.335,-8%,0.122,-24,3,3,0,-13%,-5%,-1%,10.0,9.6,9.6,2.3,16.9,6.8,1.6,5.0,1.2
Jose Bautista,2,OF,4200,TOR,@NYY,4.13,Sabathia,0.350,7%,L,R,0.378,0%,0.239,-1,2,3,1,-1%,-6%,0%,8.9,6.5,6.5,0.6,12.5,8.9,2.1,7.0,1.7
Jean Segura,4,SS,4200,SEA,LAA,4.11,Nolasco,0.348,6%,R,R,0.316,1%,0.122,-1,1,1,0,-5%,0%,0%,10.1,9.7,9.7,1.8,17.7,7.7,1.8,28.0,6.7
Billy Hamilton,4,OF,4200,CIN,PIT,4.30,Taillon,0.300,-4%,R,S,0.278,1%,0.075,-9,1,1,0,0%,-4%,0%,8.4,8.1,8.1,1.0,15.3,8.0,1.9,18.0,4.3
Corey Seager,6,SS,4200,LAD,SF,4.20,Samardzija,0.337,4%,R,L,0.410,7%,0.228,9,2,2,0,-3%,-1%,0%,9.3,9.3,9.3,1.4,17.2,8.7,2.1,0.0,0.0
Jake Lamb,0,3B,4200,ARI,@WAS,3.63,Gonzalez,0.273,-10%,L,L,0.262,-14%,0.146,-24,4,4,0,-9%,-5%,0%,10.4,10.4,10.4,3.3,17.5,5.2,1.2,4.0,1.0
Matt Carpenter,0,1B,4200,STL,MIL,4.08,TBA,,%,,L,,%,,,x,3,-,-1%,-10%,-2%,11.2,8.3,8.3,1.2,15.4,0.0,0.0,0.0,0.0
Robinson Cano,7,2B,4200,SEA,LAA,4.11,Nolasco,0.335,3%,R,L,0.374,6%,0.205,17,3,3,0,-2%,0%,0%,9.5,8.1,8.1,0.8,15.4,8.1,1.9,16.0,3.8
Shin-soo Choo,0,OF,4200,TEX,@HOU,3.63,Morton,0.342,5%,R,L,0.356,5%,0.172,17,8,2,-3,0%,0%,3%,8.7,7.4,7.4,-1.1,15.8,7.1,1.7,2.0,0.5
Miguel Sano,10,3B,4200,MIN,OAK,4.45,Graveman,0.317,-1%,R,R,0.368,0%,0.254,0,3,3,0,2%,-5%,0%,13.0,11.7,11.7,2.5,20.9,8.1,1.9,9.0,2.1
David Dahl,0,OF,4100,COL,@SD,4.06,Weaver,0.323,1%,R,L,0.380,5%,0.218,15,x,x,-,0%,0%,0%,0.0,0.0,0.0,0.0,0.0,0.0,0.0,0.0,0.0
Kyle Schwarber,3,OF,4100,CHC,PHI,3.93,Eickhoff,0.345,5%,R,L,0.373,7%,0.235,13,1,1,0,-3%,-8%,-4%,5.0,7.1,7.1,0.9,13.3,7.6,1.9,2.0,0.5
Dustin Pedroia,2,2B,4100,BOS,BAL,4.82,Gausman,0.347,6%,R,R,0.339,-2%,0.111,-9,1,6,4,4%,-5%,0%,5.0,5.2,5.2,1.6,8.9,8.2,2.0,5.0,1.2
Alex Bregman,1,3B/SS,4100,HOU,TEX,4.87,Martinez,0.352,7%,R,R,0.324,0%,0.175,4,8,8,-1,0%,0%,4%,4.7,5.6,5.6,1.7,9.4,7.4,1.8,10.0,2.4
Adam Eaton,,OF,4100,WAS,ARI,4.37,Ray,0.302,-4%,L,L,0.313,-9%,0.063,-52,x,x,-,0%,0%,0%,10.9,10.6,10.6,3.0,18.2,0.0,0.0,0.0,0.0
Christian Yelich,,OF,4100,MIA,@TB,4.09,Snell,,-4%,L,L,0.309,-10%,0.091,-34,3,3,0,4%,0%,0%,5.4,8.6,8.6,0.9,16.3,7.9,1.9,10.0,2.4
Khris Davis,9,OF,4100,OAK,@MIN,4.05,Santiago,0.323,1%,L,R,0.351,0%,0.263,0,4,4,0,8%,-6%,0%,8.4,9.9,9.9,0.7,19.0,8.7,2.1,3.0,0.7
Adrian Beltre,,3B,4100,TEX,@HOU,3.63,Morton,0.310,-2%,R,R,0.345,-6%,0.168,-11,x,x,-,0%,0%,0%,0.0,0.0,0.0,0.0,0.0,0.0,0.0,0.0,0.0
A.J. Pollock,6,OF,4100,ARI,@WAS,3.63,Gonzalez,0.313,-2%,L,R,0.368,1%,0.217,17,1,1,0,-2%,-5%,0%,13.7,10.7,10.7,2.7,18.6,8.1,2.0,5.0,1.2
Justin Upton,,OF,4100,DET,CLE,3.61,Carrasco,0.273,-10%,R,R,0.350,-1%,0.219,-1,5,5,0,0%,-6%,-1%,12.0,9.4,9.4,1.5,17.4,6.1,1.5,3.0,0.7
Jose Ramirez,1,2B/3B,4100,CLE,@DET,4.39,Boyd,0.353,7%,L,S,0.318,-2%,0.121,-9,5,5,0,-1%,-5%,-1%,8.9,9.7,9.7,0.2,19.1,7.8,1.9,18.0,4.4
Chris Davis,0,1B,4100,BAL,@BOS,4.18,Pomeranz,0.264,-12%,L,L,0.322,-7%,0.209,-16,5,4,0,0%,-6%,0%,4.3,6.2,6.2,-0.3,12.6,6.5,1.6,5.0,1.2
Gregory Polanco,4,OF,4100,PIT,@CIN,4.20,Davis,,1%,R,L,0.326,5%,0.156,5,4,4,0,1%,-6%,0%,5.9,6.5,6.5,0.1,12.9,8.3,2.0,7.0,1.7
Todd Frazier,,3B,4000,CWS,@KC,3.33,Karns,0.341,5%,R,R,0.335,-1%,0.211,-6,5,5,0,0%,-9%,0%,10.9,7.9,7.9,0.5,15.2,6.7,1.7,0.0,0.0
Dee Gordon,,2B,4000,MIA,@TB,4.09,Snell,,-4%,L,L,0.313,-1%,0.075,-9,x,x,-,0%,0%,0%,8.6,8.3,8.3,1.9,14.6,0.0,0.0,0.0,0.0
Starling Marte,,OF,4000,PIT,@CIN,4.20,Davis,,-1%,R,R,0.354,1%,0.160,3,x,x,-,0%,0%,0%,8.2,7.8,7.8,-1.9,17.4,0.0,0.0,0.0,0.0
Mike Napoli,0,1B,4000,TEX,@HOU,3.63,Morton,0.310,-2%,R,R,0.315,-7%,0.188,-5,7,5,-2,-1%,0%,4%,5.8,5.5,5.5,-0.8,11.7,6.3,1.6,3.0,0.8
Evan Longoria,3,3B,4000,TB,MIA,4.41,Conley,0.316,-1%,L,R,0.364,9%,0.214,10,3,3,0,-4%,0%,0%,5.9,6.7,6.7,0.4,13.1,8.0,2.0,2.0,0.5
Evan Gattis,1,C,4000,HOU,TEX,4.87,Martinez,0.352,7%,R,R,0.335,-1%,0.232,0,x,x,-,0%,0%,0%,9.2,7.8,7.8,1.3,14.2,0.0,0.0,0.0,0.0
Stephen Piscotty,,OF,4000,STL,MIL,4.08,TBA,,%,,R,,%,,,x,5,-,0%,-10%,-2%,7.1,6.8,6.8,0.1,13.6,0.0,0.0,0.0,0.0
DJ LeMahieu,1,2B,4000,COL,@SD,4.06,Weaver,0.330,2%,R,R,0.335,0%,0.106,4,2,2,0,-15%,-1%,0%,6.3,6.4,6.4,0.0,12.8,6.5,1.6,12.0,3.0
Aledmys Diaz,0,SS,4000,STL,MIL,4.08,TBA,,%,,R,,%,,,x,2,-,0%,-11%,-2%,5.0,6.7,6.7,-2.6,15.9,0.0,0.0,0.0,0.0
Matt Kemp,,OF,4000,ATL,NYM,3.95,deGrom,0.262,-13%,R,R,0.341,-1%,0.209,-2,4,4,0,0%,-1%,0%,12.0,12.0,12.0,-0.5,24.5,6.7,1.7,5.0,1.3
Melky Cabrera,,OF,4000,CWS,@KC,3.33,Karns,0.310,-2%,R,S,0.337,2%,0.142,3,3,3,0,3%,-8%,0%,6.2,5.9,5.9,1.3,10.6,6.4,1.6,5.0,1.3
Jose Peraza,1,2B,3900,CIN,PIT,4.30,Taillon,0.297,-5%,R,R,0.297,-2%,0.063,-18,7,7,-2,0%,-5%,0%,4.5,6.3,6.3,0.0,12.6,6.1,1.6,11.0,2.8
Yoenis Cespedes,,OF,3900,NYM,@ATL,4.55,Colon,0.316,-1%,R,R,0.358,0%,0.231,-1,x,x,-,0%,0%,0%,12.8,9.8,9.8,-3.1,22.7,0.0,0.0,0.0,0.0
Carlos Gomez,,OF,3900,TEX,@HOU,3.63,Morton,0.310,-2%,R,R,0.340,0%,0.180,-2,x,x,-,0%,0%,0%,9.6,7.7,7.7,-0.9,16.3,0.0,0.0,0.0,0.0
Troy Tulowitzki,1,SS,3900,TOR,@NYY,4.13,Sabathia,0.350,7%,L,R,0.406,12%,0.219,14,x,x,-,0%,0%,0%,6.4,6.4,6.4,-0.7,13.5,0.0,0.0,0.0,0.0
Carlos Beltran,2,OF,3900,HOU,TEX,4.87,Martinez,0.344,5%,R,S,0.343,2%,0.194,1,5,5,-1,0%,0%,4%,7.3,6.0,6.0,0.3,11.6,8.0,2.1,0.0,0.0
Lorenzo Cain,2,OF,3900,KC,CWS,4.17,Pelfrey,0.352,7%,R,R,0.320,-4%,0.107,-17,3,3,-1,2%,-7%,0%,4.9,7.0,7.0,2.2,11.9,8.1,2.1,10.0,2.6
Aaron Judge,8,OF,3900,NYY,TOR,3.87,Stroman,0.295,-5%,R,R,0.355,1%,0.298,14,5,5,1,0%,-6%,0%,17.1,13.5,13.5,1.5,25.4,7.0,1.8,24.0,6.2
Ben Zobrist,1,2B/OF,3900,CHC,PHI,3.93,Eickhoff,0.345,5%,R,S,0.333,-2%,0.154,4,4,4,0,-2%,-6%,-3%,8.2,7.8,7.8,1.8,13.9,6.5,1.7,7.0,1.8
Kyle Seager,1,3B,3900,SEA,LAA,4.11,Nolasco,0.335,3%,R,L,0.360,5%,0.204,6,5,5,0,-2%,0%,0%,6.2,6.0,6.0,1.0,11.1,7.4,1.9,5.0,1.3
Edwin Encarnacion,6,1B,3900,CLE,@DET,4.39,Boyd,0.353,7%,L,R,0.368,-3%,0.223,-16,4,4,0,-3%,-6%,-1%,6.3,6.5,6.5,0.0,12.9,7.7,2.0,2.0,0.5
Jonathan Lucroy,,C,3900,TEX,@HOU,3.63,Morton,0.310,-2%,R,R,0.351,1%,0.163,-2,5,9,4,-2%,0%,4%,4.7,5.3,5.3,-1.6,12.2,6.9,1.8,2.0,0.5
Matt Holliday,2,1B/OF,3900,NYY,TOR,3.87,Stroman,0.295,-5%,R,R,0.337,-5%,0.151,-13,3,3,0,-1%,-6%,0%,10.5,8.7,8.7,-0.4,17.8,6.3,1.6,18.0,4.6
Brett Gardner,3,OF,3800,NYY,TOR,3.87,Stroman,0.298,-5%,R,L,0.332,3%,0.152,9,1,1,0,2%,-5%,0%,9.8,9.3,9.3,-1.3,19.9,7.0,1.8,12.0,3.2
Carlos Santana,2,1B/OF,3800,CLE,@DET,4.39,Boyd,0.353,7%,L,S,0.349,-1%,0.152,-23,1,1,0,-2%,-5%,-1%,7.1,8.0,8.0,0.5,15.5,8.6,2.3,0.0,0.0
Mark Reynolds,0,1B,3800,COL,@SD,4.06,Weaver,0.330,2%,R,R,0.339,4%,0.204,9,x,x,-,0%,0%,0%,10.0,9.5,9.5,0.4,18.5,0.0,0.0,0.0,0.0
Scooter Gennett,,2B/OF,3800,CIN,PIT,4.30,Taillon,0.300,-4%,R,L,0.324,5%,0.149,7,x,x,-,0%,0%,0%,9.1,8.4,8.4,-0.1,16.9,0.0,0.0,0.0,0.0
Travis Shaw,,3B,3800,MIL,@STL,3.42,TBA,,%,,L,,%,,,x,4,-,-11%,-11%,-2%,8.1,9.2,9.2,0.5,17.8,0.0,0.0,0.0,0.0
Jason Kipnis,,2B,3800,CLE,@DET,4.39,Boyd,0.366,5%,L,L,0.310,-7%,0.131,-11,6,6,0,-12%,-4%,-1%,3.6,3.6,3.6,-1.2,8.3,6.0,1.6,2.0,0.5
Justin Turner,1,3B,3800,LAD,SF,4.20,Samardzija,0.283,-8%,R,R,0.394,7%,0.211,13,3,3,0,-3%,-1%,0%,8.1,8.2,8.2,3.1,13.3,7.4,1.9,0.0,0.0
Max Kepler,7,OF,3800,MIN,OAK,4.45,Graveman,0.320,0%,R,L,0.345,7%,0.213,12,2,2,0,0%,-4%,0%,8.6,8.5,8.5,2.1,15.0,8.1,2.1,4.0,1.1
Jonathan Schoop,,2B,3800,BAL,@BOS,4.18,Pomeranz,0.291,-6%,L,R,0.265,-12%,0.111,-32,6,6,1,9%,-7%,0%,8.1,7.7,7.7,2.0,13.3,6.4,1.7,5.0,1.3
Phillip Ervin,,OF,3800,CIN,PIT,4.30,Taillon,0.297,-5%,R,R,,-1%,,2,x,x,-,0%,0%,0%,0.0,0.0,0.0,0.0,0.0,0.0,0.0,0.0,0.0
Eric Hosmer,5,1B,3800,KC,CWS,4.17,Pelfrey,0.355,8%,R,L,0.346,4%,0.162,11,4,4,-1,0%,-9%,0%,6.1,5.2,5.2,0.7,9.6,8.2,2.2,12.0,3.2
Anthony Rendon,2,3B,3800,WAS,ARI,4.37,Ray,0.345,5%,L,R,0.362,5%,0.152,-8,6,5,0,1%,-5%,0%,11.8,7.9,7.9,-6.4,22.2,7.1,1.9,0.0,0.0
Scott Schebler,0,OF,3800,CIN,PIT,4.30,Taillon,0.300,-4%,R,L,0.354,4%,0.221,7,6,6,0,1%,-7%,0%,11.8,8.2,8.2,-0.8,17.1,6.6,1.7,0.0,0.0
Josh Harrison,5,2B/3B,3800,PIT,@CIN,4.20,Davis,,-1%,R,R,0.319,-4%,0.126,-5,1,1,0,1%,-6%,0%,12.0,8.5,8.5,1.5,15.4,7.4,1.9,3.0,0.8
Andrew Benintendi,13,OF,3800,BOS,BAL,4.82,Gausman,0.302,-4%,R,L,0.399,7%,0.213,16,2,2,0,5%,-5%,0%,8.7,8.6,8.6,2.7,14.6,8.9,2.3,0.0,0.0
Elvis Andrus,1,SS,3800,TEX,@HOU,3.63,Morton,0.310,-2%,R,R,0.295,-4%,0.095,-6,3,7,2,-2%,0%,3%,7.9,8.3,8.3,1.2,15.5,7.1,1.9,2.0,0.5
Devon Travis,1,2B,3800,TOR,@NYY,4.13,Sabathia,0.350,7%,L,R,0.323,1%,0.152,5,7,8,0,-4%,-5%,0%,7.4,4.8,4.8,-1.0,10.5,6.8,1.8,0.0,0.0
Rajai Davis,2,OF,3800,OAK,@MIN,4.05,Santiago,0.323,1%,L,R,0.341,8%,0.173,19,1,x,0,5%,-4%,0%,7.1,6.4,6.4,-0.3,13.0,9.0,2.4,3.0,0.8
Albert Pujols,,1B,3700,LAA,@SEA,3.89,Iwakuma,0.291,-6%,R,R,0.334,2%,0.198,-1,4,4,0,-6%,0%,0%,8.9,7.1,7.1,0.0,14.3,7.5,2.0,5.0,1.4
Josh Reddick,9,OF,3700,HOU,TEX,4.87,Martinez,0.344,5%,R,L,0.362,10%,0.192,20,2,2,0,1%,0%,4%,4.6,6.2,6.2,-1.4,13.9,8.9,2.4,20.0,5.4
Jacoby Ellsbury,1,OF,3700,NYY,TOR,3.87,Stroman,0.298,-5%,R,L,0.313,1%,0.123,8,x,x,-,0%,0%,0%,9.5,8.5,8.5,1.6,15.5,0.0,0.0,0.0,0.0
Mike Moustakas,10,3B,3700,KC,CWS,4.17,Pelfrey,0.355,8%,R,L,0.328,3%,0.185,4,2,2,-1,-1%,-10%,0%,6.9,8.5,8.5,1.9,15.0,8.3,2.2,7.0,1.9
Salvador Perez,6,C,3700,KC,CWS,4.17,Pelfrey,0.352,7%,R,R,0.318,2%,0.179,3,5,5,-1,1%,-10%,0%,6.4,7.4,7.4,0.2,14.6,7.4,2.0,0.0,0.0
Odubel Herrera,,OF,3700,PHI,@CHC,2.57,Arrieta,0.255,-14%,R,L,0.346,3%,0.146,13,5,3,-2,-1%,-6%,-2%,7.3,7.4,7.4,2.8,12.0,5.2,1.4,7.0,1.9
Kendrys Morales,4,1B,3700,TOR,@NYY,4.13,Sabathia,0.350,7%,L,S,0.342,3%,0.158,-11,4,4,0,-2%,-6%,0%,4.9,6.3,6.3,0.3,12.4,8.2,2.2,5.0,1.4
Keon Broxton,1,OF,3700,MIL,@STL,3.42,TBA,,%,,R,,%,,,x,x,-,0%,-8%,-1%,8.2,6.5,6.5,-0.6,13.5,0.0,0.0,0.0,0.0
Yasmany Tomas,5,OF,3700,ARI,@WAS,3.63,Gonzalez,0.313,-2%,L,R,0.387,11%,0.255,20,5,5,0,-2%,-6%,0%,10.2,9.3,9.3,0.2,18.4,6.9,1.9,4.0,1.1
Ender Inciarte,1,OF,3700,ATL,NYM,3.95,deGrom,0.284,-8%,R,L,0.327,4%,0.115,17,1,1,0,-2%,-1%,0%,12.8,9.8,9.8,1.2,18.4,6.9,1.9,2.0,0.5
Joe Mauer,1,1B,3700,MIN,OAK,4.45,Graveman,0.320,0%,R,L,0.325,1%,0.121,6,4,4,0,0%,-4%,0%,6.6,5.7,5.7,2.1,9.2,6.7,1.8,9.0,2.4
Randal Grichuk,1,OF,3700,STL,MIL,4.08,TBA,,%,,R,,%,,,x,7,-,-1%,-12%,-2%,8.9,6.8,6.8,0.0,13.6,0.0,0.0,0.0,0.0
Maikel Franco,1,3B,3700,PHI,@CHC,2.57,Arrieta,0.247,-16%,R,R,0.313,-1%,0.170,-4,4,4,0,0%,-8%,-5%,7.0,6.8,6.8,-1.0,14.6,5.0,1.4,17.0,4.6
Nomar Mazara,2,OF,3700,TEX,@HOU,3.63,Morton,0.342,5%,R,L,0.337,7%,0.189,22,6,8,-1,0%,0%,4%,5.0,8.2,8.2,-1.0,17.3,7.7,2.1,5.0,1.4
Jedd Gyorko,0,2B/3B,3700,STL,MIL,4.08,TBA,,%,,R,,%,,,x,4,-,-1%,-13%,-3%,12.8,10.1,10.1,0.4,19.8,0.0,0.0,0.0,0.0
Eugenio Suarez,,3B,3700,CIN,PIT,4.30,Taillon,0.297,-5%,R,R,0.313,-3%,0.145,-9,5,5,0,1%,-6%,0%,8.5,10.0,10.0,1.2,18.7,6.3,1.7,20.0,5.4
Nicholas Castellanos,,3B,3700,DET,CLE,3.61,Carrasco,0.273,-10%,R,R,0.319,0%,0.163,-3,2,2,1,1%,-6%,-1%,9.3,8.5,8.5,1.5,15.6,6.3,1.7,7.0,1.9
Tim Anderson,1,SS,3700,CWS,@KC,3.33,Karns,0.341,5%,R,R,0.291,-3%,0.146,4,1,1,0,6%,-8%,0%,7.7,5.9,5.9,-0.7,12.5,6.7,1.8,0.0,0.0
Victor Martinez,,1B,3600,DET,CLE,3.61,Carrasco,0.294,-6%,R,S,0.335,-3%,0.169,-1,4,4,0,-5%,-6%,-1%,7.7,5.6,5.6,0.5,10.7,5.4,1.5,4.0,1.1
Ryan Schimpf,1,3B,3600,SD,COL,3.94,Senzatela,,1%,R,L,0.368,5%,0.312,10,5,5,0,-3%,-1%,0%,8.7,7.1,7.1,-0.5,14.6,6.7,1.9,0.0,0.0
Robbie Grossman,1,OF,3600,MIN,OAK,4.45,Graveman,0.320,0%,R,S,0.323,-2%,0.120,-4,x,x,-,0%,0%,0%,4.6,6.8,6.8,0.9,12.7,0.0,0.0,0.0,0.0
Chris Carter,1,1B,3600,NYY,TOR,3.87,Stroman,0.295,-5%,R,R,0.332,-2%,0.254,0,7,7,1,0%,-6%,0%,5.1,5.1,5.1,0.7,9.5,6.0,1.7,10.0,2.8
Alex Gordon,1,OF,3600,KC,CWS,4.17,Pelfrey,0.355,8%,R,L,0.328,-2%,0.154,-4,6,6,-1,0%,-8%,0%,3.8,4.3,4.3,0.8,7.8,6.6,1.8,7.0,1.9
Welington Castillo,1,C,3600,BAL,@BOS,4.18,Pomeranz,0.291,-6%,L,R,0.346,9%,0.201,19,x,x,-,0%,0%,0%,6.9,6.9,6.9,1.1,12.6,0.0,0.0,0.0,0.0
Buster Posey,1,1B/C,3600,SF,@LAD,3.30,Urias,0.316,0%,L,R,0.378,5%,0.186,18,4,4,0,-2%,-1%,0%,6.2,7.0,7.0,2.0,12.0,7.8,2.2,10.0,2.8
Trevor Plouffe,0,3B,3600,OAK,@MIN,4.05,Santiago,0.323,1%,L,R,0.340,5%,0.168,-2,2,5,4,7%,-5%,0%,4.0,5.4,5.4,0.0,10.9,7.8,2.2,2.0,0.6
Joey Gallo,2,3B,3600,TEX,@HOU,3.63,Morton,0.342,5%,R,L,0.338,3%,0.260,14,4,6,3,3%,0%,4%,8.5,8.9,8.9,0.7,17.1,8.5,2.4,0.0,0.0
Alen Hanson,1,SS,3600,PIT,@CIN,4.20,Davis,,1%,R,S,0.230,-1%,0.073,1,x,x,-,0%,0%,0%,7.2,7.2,7.2,-0.6,14.9,0.0,0.0,4.0,1.1
Seth Smith,,OF,3600,BAL,@BOS,4.18,Pomeranz,0.264,-12%,L,L,0.281,-12%,0.099,-32,x,x,-,0%,0%,0%,6.6,8.0,8.0,1.1,14.9,0.0,0.0,0.0,0.0
Brad Miller,,2B,3600,TB,MIA,4.41,Conley,0.335,-2%,L,L,0.274,-13%,0.103,-40,5,5,-1,0%,0%,0%,7.0,7.1,7.1,0.2,14.0,6.8,1.9,4.0,1.1
Yasiel Puig,0,OF,3600,LAD,SF,4.20,Samardzija,0.283,-8%,R,R,0.357,1%,0.183,1,7,7,-2,-4%,-1%,0%,6.0,7.6,7.6,-2.9,18.1,6.9,1.9,2.0,0.6
Brandon Phillips,,2B,3600,ATL,NYM,3.95,deGrom,0.262,-13%,R,R,0.323,3%,0.119,1,x,x,-,0%,0%,0%,6.6,8.3,8.3,0.7,15.9,0.0,0.0,0.0,0.0
Kennys Vargas,2,1B,3600,MIN,OAK,4.45,Graveman,0.320,0%,R,S,0.307,-4%,0.192,6,5,x,1,0%,-5%,0%,7.8,7.8,7.8,1.3,14.3,6.8,1.9,25.0,6.9
Jayson Werth,10,OF,3600,WAS,ARI,4.37,Ray,0.345,5%,L,R,0.418,20%,0.259,48,2,2,3,1%,-5%,0%,6.3,7.3,7.3,0.7,14.0,7.9,2.2,0.0,0.0
Avisail Garcia,1,OF,3600,CWS,@KC,3.33,Karns,0.341,5%,R,R,0.300,-3%,0.130,-7,6,7,0,3%,-9%,0%,9.5,10.2,10.2,1.6,18.8,6.3,1.8,0.0,0.0
Cesar Hernandez,,2B,3600,PHI,@CHC,2.57,Arrieta,0.255,-14%,R,S,0.316,-1%,0.099,7,1,1,0,0%,-5%,-2%,8.8,10.2,10.2,2.8,17.6,5.6,1.6,3.0,0.8
Pablo Sandoval,,3B,3600,BOS,BAL,4.82,Gausman,0.302,-4%,R,S,0.338,11%,0.154,24,x,x,-,0%,0%,0%,6.4,6.2,6.2,-0.7,13.2,0.0,0.0,0.0,0.0
Zack Cozart,,SS,3600,CIN,PIT,4.30,Taillon,0.297,-5%,R,R,0.291,-3%,0.129,-12,2,2,2,0%,-6%,0%,6.8,8.4,8.4,2.4,14.5,6.1,1.7,5.0,1.4
Adrian Gonzalez,2,1B,3600,LAD,SF,4.20,Samardzija,0.337,4%,R,L,0.367,7%,0.212,18,6,5,-2,-2%,-1%,0%,4.9,5.1,5.1,0.8,9.4,7.1,2.0,0.0,0.0
Matt Davidson,,3B,3600,CWS,@KC,3.33,Karns,0.341,5%,R,R,0.351,-1%,0.333,8,x,x,-,0%,0%,0%,8.4,9.0,9.0,-2.0,20.0,0.0,0.0,0.0,0.0
Hunter Pence,2,OF,3600,SF,@LAD,3.30,Urias,0.316,0%,L,R,0.357,2%,0.205,14,3,3,-1,-2%,-1%,0%,5.2,6.6,6.6,1.3,11.9,7.4,2.1,10.0,2.8
Eddie Rosario,1,OF,3500,MIN,OAK,4.45,Graveman,0.320,0%,R,L,0.311,1%,0.184,10,8,x,0,0%,-5%,0%,7.7,5.7,5.7,1.3,10.0,6.1,1.7,10.0,2.9
Delino DeShields,,OF,3500,TEX,@HOU,3.63,Morton,0.310,-2%,R,R,0.296,-2%,0.105,0,1,1,0,-2%,0%,3%,8.7,7.9,7.9,-0.8,16.7,7.7,2.2,0.0,0.0
Byron Buxton,1,OF,3500,MIN,OAK,4.45,Graveman,0.317,-1%,R,R,0.291,3%,0.165,4,9,9,0,2%,-4%,0%,7.0,4.7,4.7,-0.7,10.1,6.3,1.8,10.0,2.9
Corey Dickerson,,OF,3500,TB,MIA,4.41,Conley,0.335,-2%,L,L,0.306,-12%,0.131,-37,x,x,-,0%,0%,0%,9.2,9.1,9.1,3.0,15.1,0.0,0.0,0.0,0.0
David Peralta,,OF,3500,ARI,@WAS,3.63,Gonzalez,0.273,-10%,L,L,0.277,-14%,0.123,-28,x,x,-,0%,0%,0%,10.7,9.0,9.0,-0.2,18.2,0.0,0.0,0.0,0.0
Michael Conforto,9,OF,3500,NYM,@ATL,4.55,Colon,0.310,-2%,R,L,0.363,7%,0.247,11,1,1,0,-4%,-1%,0%,13.0,11.5,11.5,0.9,22.0,8.8,2.5,15.0,4.3
Yangervis Solarte,1,2B,3500,SD,COL,3.94,Senzatela,,1%,R,S,0.331,1%,0.149,3,4,4,0,-3%,-1%,0%,9.7,7.7,7.7,1.3,14.0,6.5,1.9,5.0,1.4
Russell Martin,4,C,3500,TOR,@NYY,4.13,Sabathia,0.350,7%,L,R,0.332,-2%,0.138,-18,3,5,2,-2%,-5%,0%,9.8,6.8,6.8,0.8,12.8,7.5,2.1,6.0,1.7
Jason Heyward,,OF,3500,CHC,PHI,3.93,Eickhoff,0.345,5%,R,L,0.339,5%,0.135,10,6,6,0,-2%,-6%,-3%,7.6,7.2,7.2,0.8,13.6,6.5,1.9,11.0,3.1
Nick Markakis,2,OF,3500,ATL,NYM,3.95,deGrom,0.284,-8%,R,L,0.341,6%,0.128,25,5,5,0,-2%,-1%,0%,7.2,7.5,7.5,2.4,12.6,6.0,1.7,5.0,1.4
Arismendy Alcantara,,2B/OF,3500,CIN,PIT,4.30,Taillon,0.300,-4%,R,S,0.237,-6%,0.135,0,x,x,-,0%,0%,0%,0.7,0.7,0.7,-0.5,1.8,0.0,0.0,0.0,0.0
Gerardo Parra,,OF,3500,COL,@SD,4.06,Weaver,0.323,1%,R,L,0.318,6%,0.150,19,6,6,0,-15%,-1%,0%,6.3,6.8,6.8,-0.2,13.9,5.8,1.7,5.0,1.4
Steven Souza Jr.,4,OF,3500,TB,MIA,4.41,Conley,0.316,-1%,L,R,0.330,3%,0.187,7,4,1,-1,-4%,0%,0%,5.9,8.6,8.6,0.4,16.9,7.1,2.0,0.0,0.0
Brandon Belt,1,1B,3500,SF,@LAD,3.30,Urias,,-5%,L,L,0.346,-4%,0.179,-10,2,2,0,-1%,-1%,0%,8.9,8.7,8.7,0.8,16.6,7.4,2.1,13.0,3.7
Chase Headley,4,3B,3500,NYY,TOR,3.87,Stroman,0.298,-5%,R,S,0.314,-1%,0.133,1,6,2,-3,3%,-5%,0%,7.3,9.2,9.2,2.9,15.5,5.9,1.7,7.0,2.0
Tommy Joseph,,1B,3500,PHI,@CHC,2.57,Arrieta,0.247,-16%,R,R,0.314,-1%,0.211,2,x,x,-,0%,0%,0%,6.5,5.7,5.7,-0.6,12.0,0.0,0.0,0.0,0.0
Jose Reyes,2,3B,3500,NYM,@ATL,4.55,Colon,0.310,-2%,R,S,0.305,-2%,0.116,-6,6,6,0,-2%,-1%,0%,10.4,6.2,6.2,-0.5,12.8,6.7,1.9,20.0,5.7
Logan Forsythe,,2B/3B,3500,LAD,SF,4.20,Samardzija,0.283,-8%,R,R,0.314,-4%,0.122,-21,x,x,-,0%,0%,0%,6.0,6.6,6.6,0.6,12.6,0.0,0.0,0.0,0.0
Tyler Saladino,,2B,3500,CWS,@KC,3.33,Karns,0.341,5%,R,R,0.280,-4%,0.112,-2,x,x,-,0%,0%,0%,5.6,5.7,5.7,0.9,10.5,0.0,0.0,0.0,0.0
Javier Baez,,2B,3500,CHC,PHI,3.93,Eickhoff,0.254,-14%,R,R,0.279,-4%,0.141,-4,9,9,-1,1%,-8%,-4%,10.0,7.8,7.8,-1.4,17.0,4.9,1.4,10.0,2.9
Hyun Soo Kim,,OF,3500,BAL,@BOS,4.18,Pomeranz,0.264,-12%,L,L,,-7%,,-22,x,x,-,0%,0%,0%,5.8,5.3,5.3,0.4,10.1,0.0,0.0,0.0,0.0
Norichika Aoki,1,OF,3500,HOU,TEX,4.87,Martinez,0.344,5%,R,L,0.320,-2%,0.104,20,9,9,-1,-1%,0%,3%,4.6,5.6,5.6,-0.3,11.6,6.2,1.8,4.0,1.1
Joc Pederson,0,OF,3500,LAD,SF,4.20,Samardzija,0.337,4%,R,L,0.359,5%,0.234,9,x,x,-,0%,0%,0%,4.0,5.2,5.2,-0.3,10.7,0.0,0.0,0.0,0.0
Brandon Moss,1,OF,3500,KC,CWS,4.17,Pelfrey,0.355,8%,R,L,0.324,1%,0.229,8,8,8,0,-1%,-10%,0%,7.0,5.7,5.7,-0.1,11.5,7.0,2.0,5.0,1.4
Michael A. Taylor,0,OF,3500,WAS,ARI,4.37,Ray,0.345,5%,L,R,0.303,6%,0.157,13,7,7,-2,0%,-5%,0%,4.5,4.5,4.5,-1.3,10.3,6.1,1.7,5.0,1.4
Marcus Semien,0,SS,3500,OAK,@MIN,4.05,Santiago,0.323,1%,L,R,0.348,11%,0.199,19,x,x,-,0%,0%,0%,7.2,6.9,6.9,0.9,12.9,0.0,0.0,0.0,0.0
Jorge Soler,,OF,3500,KC,CWS,4.17,Pelfrey,0.352,7%,R,R,0.329,0%,0.182,4,x,x,-,0%,0%,0%,0.0,0.0,0.0,0.0,0.0,0.0,0.0,0.0,0.0
Eduardo Nunez,2,3B/SS,3500,SF,@LAD,3.30,Urias,0.316,0%,L,R,0.279,-9%,0.151,11,6,6,-2,-3%,-1%,0%,3.8,6.1,6.1,-0.5,12.6,6.4,1.8,6.0,1.7
Mitch Moreland,2,1B,3500,BOS,BAL,4.82,Gausman,0.302,-4%,R,L,0.331,3%,0.194,7,6,5,-1,4%,-5%,0%,5.0,7.4,7.4,0.7,14.0,7.2,2.1,7.0,2.0
Jorge Polanco,,SS,3400,MIN,OAK,4.45,Graveman,0.320,0%,R,S,0.309,-1%,0.114,-7,x,x,-,0%,0%,0%,5.8,6.5,6.5,1.5,11.4,0.0,0.0,0.0,0.0
Trey Mancini,0,1B/OF,3400,BAL,@BOS,4.18,Pomeranz,0.291,-6%,L,R,0.336,3%,0.326,16,7,7,0,8%,-6%,0%,7.5,8.4,8.4,-3.4,20.2,6.9,2.0,8.0,2.4
Adam Lind,,1B,3400,WAS,ARI,4.37,Ray,0.302,-4%,L,L,0.242,-20%,0.092,-38,x,x,-,0%,0%,0%,5.2,5.2,5.2,-1.2,11.6,0.0,0.0,0.0,0.0
Kole Calhoun,5,OF,3400,LAA,@SEA,3.89,Iwakuma,0.303,-4%,R,L,0.335,1%,0.169,2,2,2,0,0%,0%,0%,8.5,6.6,6.6,0.9,12.3,7.9,2.3,19.0,5.6
Didi Gregorius,3,SS,3400,NYY,TOR,3.87,Stroman,0.298,-5%,R,L,0.308,2%,0.151,15,x,x,-,0%,0%,0%,8.2,8.2,8.2,2.2,14.2,0.0,0.0,5.0,1.5
Marcell Ozuna,6,OF,3400,MIA,@TB,4.09,Snell,0.326,2%,L,R,0.360,9%,0.209,20,5,5,0,-5%,0%,0%,6.6,9.0,9.0,-0.7,18.7,8.0,2.4,19.0,5.6
Cameron Maybin,,OF,3400,LAA,@SEA,3.89,Iwakuma,0.291,-6%,R,R,0.313,1%,0.092,-7,x,x,-,0%,0%,0%,7.3,6.6,6.6,1.0,12.2,0.0,0.0,0.0,0.0
Starlin Castro,4,2B,3400,NYY,TOR,3.87,Stroman,0.295,-5%,R,R,0.319,1%,0.150,7,4,4,1,-1%,-6%,0%,9.7,9.2,9.2,2.6,15.8,5.9,1.7,8.0,2.4
Ryon Healy,4,1B/3B,3400,OAK,@MIN,4.05,Santiago,0.323,1%,L,R,0.401,6%,0.271,14,3,7,1,7%,-5%,0%,4.7,5.7,5.7,-1.1,12.6,7.8,2.3,2.0,0.6
Kevin Kiermaier,,OF,3400,TB,MIA,4.41,Conley,0.335,-2%,L,L,0.281,-10%,0.114,-27,2,2,0,0%,0%,0%,2.1,6.2,6.2,-1.0,13.4,7.2,2.1,7.0,2.1
Denard Span,,OF,3400,SF,@LAD,3.30,Urias,,-5%,L,L,0.268,-16%,0.065,-40,x,x,-,0%,0%,0%,5.0,5.1,5.1,1.7,8.5,0.0,0.0,0.0,0.0
Mitch Haniger,0,OF,3400,SEA,LAA,4.11,Nolasco,0.348,6%,R,R,0.384,4%,0.211,7,x,x,-,0%,0%,0%,11.7,11.4,11.4,4.3,18.5,0.0,0.0,0.0,0.0
Yadier Molina,,C,3400,STL,MIL,4.08,TBA,,%,,R,,%,,,x,6,-,0%,-10%,-1%,6.5,5.8,5.8,0.9,10.8,0.0,0.0,0.0,0.0
Peter O'Brien,,OF,3400,KC,CWS,4.17,Pelfrey,0.352,7%,R,R,0.199,-5%,0.143,1,x,x,-,0%,0%,0%,0.0,0.0,0.0,0.0,0.0,0.0,0.0,0.0,0.0
Michael Saunders,,OF,3400,PHI,@CHC,2.57,Arrieta,0.255,-14%,R,L,0.330,0%,0.190,1,x,x,-,0%,0%,0%,7.2,6.2,6.2,-0.6,13.0,0.0,0.0,0.0,0.0
Willson Contreras,,C,3400,CHC,PHI,3.93,Eickhoff,0.254,-14%,R,R,0.342,-1%,0.195,4,x,x,-,0%,0%,0%,6.3,6.2,6.2,-2.1,14.5,0.0,0.0,13.0,3.8
Mallex Smith,,OF,3400,TB,MIA,4.41,Conley,0.335,-2%,L,L,0.148,-12%,0.039,-27,x,x,-,0%,0%,0%,6.0,6.0,6.0,-3.5,15.5,0.0,0.0,0.0,0.0
Wilson Ramos,,C,3400,TB,MIA,4.41,Conley,0.316,-1%,L,R,0.335,7%,0.173,15,x,x,-,0%,0%,0%,0.0,0.0,0.0,0.0,0.0,0.0,0.0,0.0,0.0
Hernan Perez,,OF/SS,3400,MIL,@STL,3.42,TBA,,%,,R,,%,,,x,6,-,0%,0%,0%,11.3,8.6,8.6,-3.3,20.4,0.0,0.0,0.0,0.0
Whit Merrifield,2,2B/OF,3400,KC,CWS,4.17,Pelfrey,0.352,7%,R,R,0.289,-5%,0.111,-7,1,1,1,2%,-7%,0%,7.0,7.0,7.0,0.1,13.9,7.7,2.3,7.0,2.1
Addison Russell,,SS,3400,CHC,PHI,3.93,Eickhoff,0.254,-14%,R,R,0.313,1%,0.151,-7,5,5,0,0%,-7%,-4%,6.1,8.0,8.0,0.0,16.1,5.6,1.6,0.0,0.0
Manuel Margot,,OF,3400,SD,COL,3.94,Senzatela,,-1%,R,R,0.297,-2%,0.142,0,1,1,0,-2%,-1%,0%,7.8,7.8,7.8,0.5,15.1,7.0,2.1,3.0,0.9
Brian McCann,7,C,3400,HOU,TEX,4.87,Martinez,0.344,5%,R,L,0.315,-1%,0.178,1,6,7,-1,1%,0%,4%,6.7,7.5,7.5,1.5,13.6,7.9,2.3,18.0,5.3
Brock Holt,,2B/OF,3300,BOS,BAL,4.82,Gausman,0.302,-4%,R,L,0.312,-1%,0.106,2,x,x,-,0%,0%,0%,2.8,2.8,2.8,0.6,5.0,0.0,0.0,0.0,0.0
Josh Bell,5,1B,3300,PIT,@CIN,4.20,Davis,,1%,R,S,0.364,5%,0.161,5,5,2,-1,2%,-6%,0%,9.1,6.6,6.6,-0.4,13.6,7.3,2.2,5.0,1.5
Stephen Vogt,,C,3300,OAK,@MIN,4.05,Santiago,0.303,-4%,L,L,0.259,-14%,0.115,-26,x,x,-,0%,0%,0%,2.6,4.2,4.2,-0.3,8.6,0.0,0.0,0.0,0.0
Brandon Drury,1,2B,3300,ARI,@WAS,3.63,Gonzalez,0.313,-2%,L,R,0.332,2%,0.199,13,6,6,0,-1%,-5%,0%,8.5,6.8,6.8,1.0,12.7,5.6,1.7,0.0,0.0
Kevin Pillar,2,OF,3300,TOR,@NYY,4.13,Sabathia,0.350,7%,L,R,0.317,3%,0.125,2,1,1,0,-5%,-5%,0%,10.0,8.2,8.2,0.2,16.2,8.1,2.5,7.0,2.1
Jurickson Profar,,OF,3300,TEX,@HOU,3.63,Morton,0.342,5%,R,S,0.306,6%,0.110,17,x,x,-,0%,0%,0%,3.8,3.6,3.6,0.6,6.7,0.0,0.0,0.0,0.0
Hunter Renfroe,0,OF,3300,SD,COL,3.94,Senzatela,,-1%,R,R,0.307,-2%,0.247,9,6,6,0,-2%,-1%,0%,5.5,5.5,5.5,-0.9,11.9,6.1,1.8,3.0,0.9
Craig Gentry,,OF,3300,BAL,@BOS,4.18,Pomeranz,0.291,-6%,L,R,0.305,7%,0.090,22,x,x,-,0%,0%,0%,7.3,7.3,7.3,-1.4,15.9,0.0,0.0,0.0,0.0
Joe Panik,,2B,3300,SF,@LAD,3.30,Urias,,-5%,L,L,0.309,-6%,0.081,-31,7,8,-2,-6%,-1%,0%,5.9,6.5,6.5,1.0,11.9,5.5,1.7,10.0,3.0
Asdrubal Cabrera,9,SS,3300,NYM,@ATL,4.55,Colon,0.310,-2%,R,S,0.323,2%,0.171,6,2,2,0,-3%,-1%,0%,6.9,7.6,7.6,0.0,15.2,7.5,2.3,13.0,3.9
David Wright,,3B,3300,NYM,@ATL,4.55,Colon,0.316,-1%,R,R,0.305,-11%,0.117,-21,x,x,-,0%,0%,0%,0.0,0.0,0.0,0.0,0.0,0.0,0.0,0.0,0.0
Colby Rasmus,,OF,3300,TB,MIA,4.41,Conley,0.335,-2%,L,L,0.306,-3%,0.175,-13,x,x,-,0%,0%,0%,0.0,0.0,0.0,0.0,0.0,0.0,0.0,0.0,0.0
J.T. Realmuto,3,C,3300,MIA,@TB,4.09,Snell,0.326,2%,L,R,0.308,0%,0.172,17,1,6,5,-5%,0%,0%,4.0,7.0,7.0,-0.4,14.4,7.3,2.2,25.0,7.6
Chris Owings,2,OF/SS,3300,ARI,@WAS,3.63,Gonzalez,0.313,-2%,L,R,0.296,2%,0.140,10,2,2,2,-4%,-5%,0%,13.6,10.3,10.3,0.0,20.6,6.6,2.0,17.0,5.2
Orlando Arcia,,SS,3300,MIL,@STL,3.42,TBA,,%,,R,,%,,,x,8,-,1%,-9%,-1%,7.5,5.8,5.8,-1.3,12.9,0.0,0.0,0.0,0.0
Alex Dickerson,0,OF,3300,SD,COL,3.94,Senzatela,,1%,R,L,0.341,3%,0.216,13,x,x,-,0%,0%,0%,0.0,0.0,0.0,0.0,0.0,0.0,0.0,0.0,0.0
Greg Bird,,1B,3300,NYY,TOR,3.87,Stroman,0.298,-5%,R,L,0.337,2%,0.246,15,x,x,-,0%,0%,0%,5.8,4.2,4.2,-2.7,11.1,0.0,0.0,0.0,0.0
C.J. Cron,,1B,3300,LAA,@SEA,3.89,Iwakuma,0.291,-6%,R,R,0.332,3%,0.188,6,x,x,-,0%,0%,0%,3.7,4.3,4.3,0.8,7.7,0.0,0.0,0.0,0.0
Adonis Garcia,,3B,3300,ATL,NYM,3.95,deGrom,0.262,-13%,R,R,0.289,-6%,0.142,-5,2,6,2,0%,-1%,0%,8.1,5.6,5.6,0.1,11.1,5.8,1.8,3.0,0.9
Yuli Gurriel,,1B,3300,HOU,TEX,4.87,Martinez,0.352,7%,R,R,0.371,4%,0.166,5,x,x,-,0%,0%,0%,7.1,6.4,6.4,-0.6,13.3,0.0,0.0,0.0,0.0
Aaron Altherr,,OF,3300,PHI,@CHC,2.57,Arrieta,0.247,-16%,R,R,0.315,1%,0.159,0,3,6,0,0%,-7%,-3%,11.7,11.0,11.0,3.9,18.1,5.2,1.6,7.0,2.1
Domingo Santana,,OF,3300,MIL,@STL,3.42,TBA,,%,,R,,%,,,x,5,-,-1%,-11%,-2%,7.3,7.8,7.8,0.1,15.4,0.0,0.0,0.0,0.0
Raimel Tapia,,OF,3200,COL,@SD,4.06,Weaver,0.323,1%,R,L,0.210,-1%,0.000,-2,x,x,-,0%,0%,0%,0.0,0.0,0.0,0.0,0.0,0.0,0.0,0.0,0.0
David Freese,,3B,3200,PIT,@CIN,4.20,Davis,,-1%,R,R,0.315,-5%,0.132,-11,x,x,-,0%,0%,0%,6.5,7.6,7.6,1.4,13.7,0.0,0.0,0.0,0.0
Curtis Granderson,4,OF,3200,NYM,@ATL,4.55,Colon,0.310,-2%,R,L,0.344,3%,0.203,6,5,5,0,-3%,-1%,0%,3.2,4.0,4.0,-1.6,9.6,7.1,2.2,14.0,4.4
Alcides Escobar,2,SS,3200,KC,CWS,4.17,Pelfrey,0.352,7%,R,R,0.276,-1%,0.075,-7,9,9,-1,3%,-7%,0%,3.1,3.4,3.4,-0.2,7.0,5.6,1.7,5.0,1.6
Lucas Duda,,1B,3200,NYM,@ATL,4.55,Colon,0.310,-2%,R,L,0.366,5%,0.244,9,x,x,-,0%,0%,0%,8.7,9.1,9.1,-2.2,20.3,0.0,0.0,0.0,0.0
Luis Valbuena,0,1B/3B,3200,LAA,@SEA,3.89,Iwakuma,0.303,-4%,R,L,0.353,5%,0.220,12,5,x,0,1%,0%,0%,2.0,2.0,2.0,2.0,2.0,7.2,2.3,5.0,1.6
Freddy Galvis,,SS,3200,PHI,@CHC,2.57,Arrieta,0.255,-14%,R,S,0.294,4%,0.144,11,7,2,-3,-2%,-7%,-3%,8.7,7.4,7.4,0.3,14.5,4.5,1.4,4.0,1.3
Matt Duffy,,2B/3B,3200,TB,MIA,4.41,Conley,0.316,-1%,L,R,0.307,0%,0.089,-10,x,x,-,0%,0%,0%,0.0,0.0,0.0,0.0,0.0,0.0,0.0,0.0,0.0
J.J. Hardy,,SS,3200,BAL,@BOS,4.18,Pomeranz,0.291,-6%,L,R,0.292,1%,0.141,17,8,8,0,9%,-6%,0%,1.6,3.8,3.8,-1.4,9.0,5.6,1.7,8.0,2.5
Nick Franklin,,2B/OF,3200,MIL,@STL,3.42,TBA,,%,,S,,%,,,x,x,-,0%,0%,0%,4.3,4.3,4.3,-2.0,10.7,0.0,0.0,0.0,0.0
Logan Morrison,,1B,3200,TB,MIA,4.41,Conley,0.335,-2%,L,L,0.281,-9%,0.084,-43,x,x,-,0%,0%,0%,7.5,8.1,8.1,0.7,15.5,0.0,0.0,0.0,0.0
Matt Wieters,1,C,3200,WAS,ARI,4.37,Ray,0.345,5%,L,S,0.343,3%,0.216,15,8,8,0,0%,-6%,0%,9.9,9.1,9.1,-0.8,18.9,6.1,1.9,3.0,0.9
Kike Hernandez,,OF/SS,3200,LAD,SF,4.20,Samardzija,0.283,-8%,R,R,,-1%,,2,x,x,-,0%,0%,0%,7.4,6.3,6.3,0.7,11.9,0.0,0.0,0.0,0.0
Neil Walker,6,2B,3200,NYM,@ATL,4.55,Colon,0.310,-2%,R,S,0.340,2%,0.187,11,4,4,0,-3%,-1%,0%,5.6,5.9,5.9,-0.1,12.0,7.5,2.3,14.0,4.4
Howie Kendrick,,OF,3200,PHI,@CHC,2.57,Arrieta,0.247,-16%,R,R,0.320,-1%,0.116,-1,x,x,-,0%,0%,0%,8.5,8.5,8.5,0.0,17.0,0.0,0.0,0.0,0.0
Cory Spangenberg,3,2B/3B,3200,SD,COL,3.94,Senzatela,,1%,R,L,0.309,-1%,0.145,11,2,2,1,-3%,-1%,0%,7.0,7.0,7.0,4.0,10.0,6.8,2.1,5.0,1.6
Yasmani Grandal,6,C,3200,LAD,SF,4.20,Samardzija,0.337,4%,R,S,0.343,2%,0.221,13,4,4,1,-2%,-1%,0%,5.3,5.8,5.8,-1.4,13.0,7.3,2.3,3.0,0.9
Jordy Mercer,,SS,3200,PIT,@CIN,4.20,Davis,,-1%,R,R,0.275,-8%,0.099,-17,7,7,-2,3%,-6%,0%,6.2,5.6,5.6,0.1,11.1,5.6,1.7,7.0,2.2
Franklin Gutierrez,0,OF,3200,LAD,SF,4.20,Samardzija,0.283,-8%,R,R,0.308,-5%,0.254,2,x,x,-,0%,0%,0%,7.0,7.0,7.0,-0.9,14.9,0.0,0.0,3.0,0.9
Andrew Toles,3,OF,3200,LAD,SF,4.20,Samardzija,0.337,4%,R,L,0.356,4%,0.208,11,1,1,1,-3%,-1%,0%,7.7,7.0,7.0,-0.2,14.3,8.2,2.6,9.0,2.8
Dansby Swanson,,SS,3200,ATL,NYM,3.95,deGrom,0.262,-13%,R,R,0.261,-6%,0.086,-14,8,8,0,-1%,-1%,0%,6.1,4.5,4.5,-0.4,9.4,5.0,1.6,10.0,3.1
Jhonny Peralta,,3B,3200,STL,MIL,4.08,TBA,,%,,R,,%,,,x,x,-,0%,0%,0%,1.9,1.9,1.9,0.1,3.7,0.0,0.0,0.0,0.0
Stephen Cardullo,0,OF,3200,COL,@SD,4.06,Weaver,0.330,2%,R,R,0.256,-2%,0.235,6,x,x,-,0%,0%,0%,2.8,2.8,2.8,-0.8,6.3,0.0,0.0,0.0,0.0
Brandon Crawford,,SS,3200,SF,@LAD,3.30,Urias,,-5%,L,L,0.314,0%,0.133,-18,x,x,-,0%,0%,0%,5.5,6.9,6.9,1.1,12.7,0.0,0.0,0.0,0.0
Steve Pearce,4,OF,3200,TOR,@NYY,4.13,Sabathia,0.350,7%,L,R,0.363,3%,0.235,12,6,7,0,-2%,-6%,0%,5.7,4.7,4.7,-4.2,13.6,7.6,2.4,20.0,6.3
Cheslor Cuthbert,,3B,3200,KC,CWS,4.17,Pelfrey,0.352,7%,R,R,0.298,-3%,0.135,-2,x,x,-,0%,0%,0%,3.0,3.0,3.0,-2.5,8.5,0.0,0.0,0.0,0.0
Chase Utley,1,2B,3200,LAD,SF,4.20,Samardzija,0.337,4%,R,L,0.316,3%,0.144,3,8,8,-1,-3%,-1%,0%,2.3,2.5,2.5,0.0,5.1,5.7,1.8,0.0,0.0
Jay Bruce,16,1B/OF,3200,NYM,@ATL,4.55,Colon,0.310,-2%,R,L,0.334,5%,0.229,8,3,3,0,-4%,-1%,0%,9.7,10.5,10.5,-1.0,21.9,8.2,2.6,9.0,2.8
Jesse Winker,,OF,3200,CIN,PIT,4.30,Taillon,0.300,-4%,R,L,,2%,,6,x,x,-,0%,0%,0%,0.0,0.0,0.0,0.0,0.0,0.0,0.0,0.0,0.0
Francisco Cervelli,,C,3200,PIT,@CIN,4.20,Davis,,-1%,R,R,0.325,-2%,0.094,-7,x,x,-,0%,0%,0%,5.6,6.9,6.9,0.9,13.0,0.0,0.0,0.0,0.0
Danny Valencia,,1B,3200,SEA,LAA,4.11,Nolasco,0.348,6%,R,R,0.313,-8%,0.167,-5,6,6,0,-5%,0%,0%,7.3,5.2,5.2,-0.9,11.4,6.0,1.9,5.0,1.6
Adam Frazier,,2B/OF,3200,PIT,@CIN,4.20,Davis,,1%,R,L,0.339,2%,0.143,5,x,x,-,0%,0%,0%,8.1,8.0,8.0,0.0,16.0,0.0,0.0,0.0,0.0
Matt Adams,,OF,3100,STL,MIL,4.08,TBA,,%,,L,,%,,,x,x,-,0%,0%,0%,4.2,4.2,4.2,-1.0,9.4,0.0,0.0,0.0,0.0
Billy Burns,,OF,3100,KC,CWS,4.17,Pelfrey,0.355,8%,R,S,0.277,-4%,0.080,-4,x,x,-,0%,0%,0%,0.0,0.0,0.0,0.0,0.0,0.0,0.0,0.0,0.0
John Jaso,2,1B/OF,3100,PIT,@CIN,4.20,Davis,,1%,R,L,0.346,4%,0.165,9,2,6,3,1%,-5%,0%,5.5,4.6,4.6,-0.8,10.1,7.6,2.5,0.0,0.0
Derek Fisher,,OF,3100,HOU,TEX,4.87,Martinez,,%,R,,,%,,,x,x,-,0%,0%,0%,0.0,0.0,0.0,0.0,0.0,0.0,0.0,0.0,0.0
Leonys Martin,,OF,3100,SEA,LAA,4.11,Nolasco,0.335,3%,R,L,0.291,3%,0.111,11,x,x,-,0%,0%,0%,4.6,4.1,4.1,-0.5,8.8,0.0,0.0,0.0,0.0
Mark Canha,,1B/OF,3100,OAK,@MIN,4.05,Santiago,0.323,1%,L,R,0.255,-5%,0.110,-9,x,x,-,0%,0%,0%,1.7,1.7,1.7,-1.2,4.5,0.0,0.0,0.0,0.0
Danny Ortiz,,OF,3100,PIT,@CIN,4.20,Davis,,1%,R,L,,2%,,6,x,x,-,0%,0%,0%,0.0,0.0,0.0,0.0,0.0,0.0,0.0,0.0,0.0
Jesus Aguilar,,1B,3100,MIL,@STL,3.42,TBA,,%,,R,,%,,,x,x,-,0%,0%,0%,4.0,4.0,4.0,-0.2,8.2,0.0,0.0,0.0,0.0
Chris Taylor,,2B/SS,3100,LAD,SF,4.20,Samardzija,0.283,-8%,R,R,0.256,-6%,0.092,-7,x,x,-,0%,0%,0%,8.0,8.0,8.0,3.0,13.0,0.0,0.0,5.0,1.6
Jefry Marte,,1B,3100,LAA,@SEA,3.89,Iwakuma,0.291,-6%,R,R,0.302,-4%,0.195,-2,x,x,-,0%,0%,0%,4.1,4.9,4.9,-1.5,11.3,0.0,0.0,0.0,0.0
Dustin Garneau,,C,3100,COL,@SD,4.06,Weaver,0.330,2%,R,R,0.251,-4%,0.145,1,8,8,0,-15%,-1%,0%,3.6,4.4,4.4,-0.3,9.2,4.9,1.6,16.0,5.2
Paulo Orlando,,OF,3100,KC,CWS,4.17,Pelfrey,0.352,7%,R,R,0.292,-3%,0.109,-14,x,x,-,0%,0%,0%,3.0,3.2,3.2,-0.8,7.3,0.0,0.0,0.0,0.0
Jeremy Hazelbaker,,OF,3100,ARI,@WAS,3.63,Gonzalez,0.273,-10%,L,L,0.251,-8%,0.200,-19,x,x,-,0%,0%,0%,3.8,3.8,3.8,-2.5,10.0,0.0,0.0,0.0,0.0
Kevin Newman,,SS,3100,PIT,@CIN,4.20,Davis,,%,R,,,%,,,x,x,-,0%,0%,0%,0.0,0.0,0.0,0.0,0.0,0.0,0.0,0.0,0.0
Cody Bellinger,3,1B,3100,LAD,SF,4.20,Samardzija,0.337,4%,R,L,,2%,,6,5,6,0,-3%,-1%,0%,10.1,10.1,10.1,0.2,20.0,6.6,2.1,0.0,0.0
Alex Avila,2,1B/C,3100,DET,CLE,3.61,Carrasco,0.294,-6%,R,L,0.334,7%,0.164,16,7,7,-1,-5%,-5%,-1%,10.1,10.8,10.8,1.8,19.7,5.3,1.7,0.0,0.0
Taylor Motter,0,SS,3100,SEA,LAA,4.11,Nolasco,0.348,6%,R,R,0.293,-3%,0.232,10,x,x,-,0%,0%,0%,7.7,8.6,8.6,-0.3,17.4,0.0,0.0,4.0,1.3
Robinson Chirinos,,C,3100,TEX,@HOU,3.63,Morton,0.310,-2%,R,R,0.321,-2%,0.206,-3,x,x,-,0%,0%,0%,12.3,12.3,12.3,0.2,24.3,0.0,0.0,0.0,0.0
Chris Young,0,OF,3100,BOS,BAL,4.82,Gausman,0.347,6%,R,R,0.303,-6%,0.167,-9,7,x,0,4%,-5%,0%,5.2,5.7,5.7,0.9,10.5,7.3,2.4,11.0,3.5
Martin Prado,4,3B,3100,MIA,@TB,4.09,Snell,0.326,2%,L,R,0.401,21%,0.168,36,2,2,0,-4%,0%,0%,7.2,6.8,6.8,2.2,11.3,8.2,2.6,10.0,3.2
Rhys Hoskins,,1B,3100,PHI,@CHC,2.57,Arrieta,,%,R,,,%,,,x,x,-,0%,0%,0%,0.0,0.0,0.0,0.0,0.0,0.0,0.0,0.0,0.0
Charlie Tilson,,OF,3100,CWS,@KC,3.33,Karns,0.310,-2%,R,L,,2%,,6,x,x,-,0%,0%,0%,0.0,0.0,0.0,0.0,0.0,0.0,0.0,0.0,0.0
Josh Phegley,5,C,3100,OAK,@MIN,4.05,Santiago,0.323,1%,L,R,0.319,3%,0.187,5,5,6,2,8%,-5%,0%,3.9,3.9,3.9,-0.5,8.3,7.5,2.4,0.0,0.0
Jorge Bonifacio,,OF,3000,KC,CWS,4.17,Pelfrey,0.352,7%,R,R,,-1%,,2,7,7,0,1%,-8%,0%,6.8,6.8,6.8,-0.7,14.2,6.2,2.1,2.0,0.7
Jose Osuna,1,OF,3000,PIT,@CIN,4.20,Davis,,-1%,R,R,,-1%,,2,x,x,-,0%,0%,0%,7.7,7.7,7.7,-0.9,16.3,0.0,0.0,0.0,0.0
Danny Santana,,OF,3000,MIN,OAK,4.45,Graveman,0.320,0%,R,S,0.300,2%,0.113,2,x,x,-,0%,0%,0%,2.0,2.0,2.0,-1.1,5.1,0.0,0.0,0.0,0.0
Pete Kozma,,SS,3000,TEX,@HOU,3.63,Morton,0.310,-2%,R,R,0.209,-5%,0.022,-14,x,x,-,0%,0%,0%,2.3,2.3,2.3,-0.2,4.8,0.0,0.0,0.0,0.0
Daniel Nava,,OF,3000,PHI,@CHC,2.57,Arrieta,0.255,-14%,R,S,0.316,4%,0.095,11,2,x,1,-2%,-6%,-3%,10.3,10.3,10.3,1.3,19.2,4.9,1.6,9.0,3.0
Justin Bour,,1B,3000,MIA,@TB,4.09,Snell,,-4%,L,L,0.258,-11%,0.068,-33,6,7,0,6%,0%,0%,7.7,6.7,6.7,-1.5,15.0,6.8,2.3,0.0,0.0
Tom Murphy,0,C,3000,COL,@SD,4.06,Weaver,0.330,2%,R,R,0.505,4%,0.500,19,x,x,-,0%,0%,0%,0.0,0.0,0.0,0.0,0.0,0.0,0.0,0.0,0.0
Chris Herrmann,,C/OF,3000,ARI,@WAS,3.63,Gonzalez,0.273,-10%,L,L,0.255,-7%,0.097,-24,x,x,-,0%,0%,0%,6.1,6.1,6.1,-1.8,14.0,0.0,0.0,0.0,0.0
Trayce Thompson,0,OF,3000,LAD,SF,4.20,Samardzija,0.283,-8%,R,R,0.331,-1%,0.204,1,x,x,-,0%,0%,0%,0.0,0.0,0.0,0.0,0.0,0.0,0.0,0.0,0.0
Brett Nicholas,,C,3000,TEX,@HOU,3.63,Morton,0.342,5%,R,L,0.351,2%,0.281,11,x,x,-,0%,0%,0%,0.0,0.0,0.0,0.0,0.0,0.0,0.0,0.0,0.0
Marwin Gonzalez,5,3B/OF,3000,HOU,TEX,4.87,Martinez,0.344,5%,R,S,0.306,-3%,0.138,-8,7,x,1,0%,0%,4%,9.1,8.9,8.9,-0.9,18.7,6.9,2.3,21.0,7.0
Albert Almora Jr.,,OF,3000,CHC,PHI,3.93,Eickhoff,0.254,-14%,R,R,0.286,-4%,0.099,-7,x,x,-,0%,0%,0%,7.5,7.1,7.1,0.7,13.5,0.0,0.0,0.0,0.0
Kolten Wong,,2B,3000,STL,MIL,4.08,TBA,,%,,L,,%,,,x,8,-,-1%,-9%,-1%,10.0,7.4,7.4,1.2,13.6,0.0,0.0,0.0,0.0
Travis Jankowski,,OF,3000,SD,COL,3.94,Senzatela,,1%,R,L,0.303,8%,0.086,12,x,x,-,0%,0%,0%,3.4,4.3,4.3,0.2,8.4,0.0,0.0,0.0,0.0
Yonder Alonso,,1B,3000,OAK,@MIN,4.05,Santiago,0.303,-4%,L,L,0.285,-8%,0.098,-21,7,x,-2,3%,-4%,0%,9.6,8.5,8.5,1.2,15.8,6.1,2.0,21.0,7.0
Tyler Naquin,,OF,3000,CLE,@DET,4.39,Boyd,0.366,5%,L,L,0.341,-7%,0.156,-22,x,x,-,0%,0%,0%,4.4,4.4,4.4,-0.5,9.3,0.0,0.0,0.0,0.0
Justin Smoak,3,1B,3000,TOR,@NYY,4.13,Sabathia,0.350,7%,L,S,0.282,-5%,0.138,-18,5,6,0,-2%,-6%,0%,8.2,7.1,7.1,-0.6,14.9,6.8,2.3,7.0,2.3
Cameron Rupp,,C,3000,PHI,@CHC,2.57,Arrieta,0.247,-16%,R,R,0.285,-6%,0.143,-13,x,x,-,0%,0%,0%,6.3,5.8,5.8,0.9,10.6,0.0,0.0,0.0,0.0
Rowdy Tellez,,1B,3000,TOR,@NYY,4.13,Sabathia,,%,L,,,%,,,x,x,-,0%,0%,0%,0.0,0.0,0.0,0.0,0.0,0.0,0.0,0.0,0.0
Dalton Pompey,,OF,3000,TOR,@NYY,4.13,Sabathia,0.350,7%,L,S,0.278,2%,0.059,3,x,x,-,0%,0%,0%,0.0,0.0,0.0,0.0,0.0,0.0,0.0,0.0,0.0
Joey Rickard,0,OF,3000,BAL,@BOS,4.18,Pomeranz,0.291,-6%,L,R,0.359,6%,0.160,13,1,1,0,8%,-5%,0%,6.3,6.3,6.3,-1.0,13.5,7.6,2.5,6.0,2.0
Jace Peterson,,OF,3000,ATL,NYM,3.95,deGrom,0.284,-8%,R,L,0.301,4%,0.106,9,7,x,0,-2%,0%,0%,4.3,5.0,5.0,1.2,8.8,4.8,1.6,7.0,2.3
Andrew Knapp,,C,2900,PHI,@CHC,2.57,Arrieta,0.255,-14%,R,S,,2%,,6,8,x,0,-2%,-6%,-3%,6.7,6.7,6.7,-0.8,14.2,4.0,1.4,3.0,1.0
Sandy Leon,,C,2900,BOS,BAL,4.82,Gausman,0.302,-4%,R,S,0.275,-3%,0.095,-9,x,x,-,0%,0%,0%,1.5,4.1,4.1,-2.8,11.1,0.0,0.0,0.0,0.0
Jason Castro,2,C,2900,MIN,OAK,4.45,Graveman,0.320,0%,R,L,0.308,4%,0.176,14,6,6,0,0%,-4%,0%,4.1,6.1,6.1,0.4,11.9,6.2,2.1,0.0,0.0
Aaron Hicks,2,OF,2900,NYY,TOR,3.87,Stroman,0.298,-5%,R,S,0.295,-2%,0.118,-11,2,x,2,3%,-5%,0%,11.7,10.1,10.1,0.9,19.4,6.7,2.3,10.0,3.4
Jed Lowrie,1,2B,2900,OAK,@MIN,4.05,Santiago,0.323,1%,L,S,0.318,4%,0.107,-2,x,x,-,0%,0%,0%,7.0,6.8,6.8,0.7,12.9,0.0,0.0,2.0,0.7
Tyler Flowers,,C,2900,ATL,NYM,3.95,deGrom,0.262,-13%,R,R,0.310,1%,0.133,-2,6,7,1,0%,-1%,0%,8.0,7.2,7.2,1.8,12.6,5.3,1.8,10.0,3.4
Lonnie Chisenhall,0,OF,2900,CLE,@DET,4.39,Boyd,0.366,5%,L,L,0.288,-9%,0.099,-27,x,x,-,0%,0%,0%,5.8,7.6,7.6,0.8,14.3,0.0,0.0,0.0,0.0
Chase d'Arnaud,,3B/OF,2900,BOS,BAL,4.82,Gausman,0.347,6%,R,R,0.275,-4%,0.071,-13,x,x,-,0%,0%,0%,5.0,5.0,5.0,2.2,7.8,0.0,0.0,0.0,0.0
Kirk Nieuwenhuis,,OF,2900,MIL,@STL,3.42,TBA,,%,,L,,%,,,x,x,-,0%,0%,0%,5.2,5.2,5.2,-0.8,11.1,0.0,0.0,0.0,0.0
Socrates Brito,,OF,2900,ARI,@WAS,3.63,Gonzalez,0.273,-10%,L,L,,-7%,,-22,x,x,-,0%,0%,0%,0.0,0.0,0.0,0.0,0.0,0.0,0.0,0.0,0.0
Jake Bauers,,1B,2900,TB,MIA,4.41,Conley,,%,L,,,%,,,x,x,-,0%,0%,0%,0.0,0.0,0.0,0.0,0.0,0.0,0.0,0.0,0.0
Jarrett Parker,0,OF,2900,SF,@LAD,3.30,Urias,,-5%,L,L,0.275,-8%,0.192,-19,x,x,-,0%,0%,0%,3.0,3.0,3.0,-3.2,9.2,0.0,0.0,0.0,0.0
Tim Beckham,6,SS,2900,TB,MIA,4.41,Conley,0.316,-1%,L,R,0.320,3%,0.190,2,1,6,6,-4%,0%,0%,10.3,7.0,7.0,-1.2,15.1,6.6,2.3,6.0,2.1
Christian Arroyo,0,SS,2900,SF,@LAD,3.30,Urias,0.316,0%,L,R,,3%,,8,5,7,-1,-3%,-1%,0%,7.1,7.1,7.1,1.1,13.1,5.7,2.0,0.0,0.0
Ben Revere,,OF,2900,LAA,@SEA,3.89,Iwakuma,0.303,-4%,R,L,0.290,-2%,0.069,0,7,x,0,-3%,0%,0%,4.3,4.3,4.3,0.1,8.6,6.1,2.1,13.0,4.5
Yunel Escobar,2,3B,2900,LAA,@SEA,3.89,Iwakuma,0.291,-6%,R,R,0.316,-2%,0.089,-5,1,1,0,-7%,0%,0%,4.7,6.1,6.1,-0.3,12.4,6.3,2.2,10.0,3.4
Jon Jay,,OF,2900,CHC,PHI,3.93,Eickhoff,0.345,5%,R,L,0.310,-1%,0.083,4,x,x,-,0%,0%,0%,5.6,5.9,5.9,0.7,11.1,0.0,0.0,0.0,0.0
Marco Hernandez,,2B/SS,2900,BOS,BAL,4.82,Gausman,0.302,-4%,R,L,0.284,0%,0.075,-3,8,9,1,7%,-4%,0%,4.0,3.9,3.9,0.5,7.3,5.7,2.0,0.0,0.0
Steve Selsky,,OF,2900,BOS,BAL,4.82,Gausman,0.347,6%,R,R,0.269,-2%,0.093,-2,x,x,-,0%,0%,0%,2.5,2.5,2.5,-1.0,6.0,0.0,0.0,0.0,0.0
Austin Barnes,,C,2900,LAD,SF,4.20,Samardzija,0.283,-8%,R,R,0.259,-3%,0.063,-5,x,x,-,0%,0%,0%,8.4,8.4,8.4,1.4,15.3,0.0,0.0,0.0,0.0
Jarrod Dyson,,OF,2900,SEA,LAA,4.11,Nolasco,0.335,3%,R,L,0.299,1%,0.096,8,9,9,0,-3%,0%,0%,6.6,6.2,6.2,1.3,11.1,6.4,2.2,11.0,3.8
Derek Dietrich,,3B,2900,MIA,@TB,4.09,Snell,,-4%,L,L,0.283,-11%,0.120,-24,x,x,-,0%,0%,0%,3.7,4.5,4.5,-1.0,9.9,0.0,0.0,0.0,0.0
Andrew Susac,,C,2900,MIL,@STL,3.42,TBA,,%,,R,,%,,,x,x,-,0%,0%,0%,0.0,0.0,0.0,0.0,0.0,0.0,0.0,0.0,0.0
Devin Mesoraco,0,C,2900,CIN,PIT,4.30,Taillon,0.297,-5%,R,R,0.351,-1%,0.224,7,8,x,0,1%,-6%,0%,3.3,3.3,3.3,-0.2,6.8,5.5,1.9,16.0,5.5
Miguel Montero,2,C,2900,CHC,PHI,3.93,Eickhoff,0.345,5%,R,L,0.324,5%,0.149,10,7,x,0,-2%,-7%,-3%,9.3,9.3,9.3,0.6,17.9,5.6,1.9,3.0,1.0
Abraham Almonte,,OF,2900,CLE,@DET,4.39,Boyd,0.353,7%,L,S,0.281,-2%,0.094,-11,8,8,0,1%,-4%,0%,7.8,7.4,7.4,1.3,13.4,6.6,2.3,0.0,0.0
Harrison Bader,,OF,2900,STL,MIL,4.08,TBA,,%,,R,,%,,,x,x,-,0%,0%,0%,0.0,0.0,0.0,0.0,0.0,0.0,0.0,0.0,0.0
Bradley Zimmer,,OF,2800,CLE,@DET,4.39,Boyd,0.366,5%,L,L,,-7%,,-22,x,x,-,0%,0%,0%,0.0,0.0,0.0,0.0,0.0,0.0,0.0,0.0,0.0
JaCoby Jones,,OF,2800,DET,CLE,3.61,Carrasco,0.273,-10%,R,R,0.278,-2%,0.105,-1,x,x,-,0%,0%,0%,2.9,4.7,4.7,-2.5,11.8,0.0,0.0,0.0,0.0
Chris Gimenez,,C,2800,MIN,OAK,4.45,Graveman,0.317,-1%,R,R,0.285,-3%,0.113,-10,x,x,-,0%,0%,0%,4.9,4.9,4.9,1.3,8.4,0.0,0.0,0.0,0.0
Leury Garcia,,OF,2800,CWS,@KC,3.33,Karns,0.310,-2%,R,S,0.242,-2%,0.112,5,7,x,2,3%,-7%,0%,7.0,6.4,6.4,0.5,12.3,5.7,2.0,0.0,0.0
Jake Smolinski,,OF,2800,OAK,@MIN,4.05,Santiago,0.323,1%,L,R,0.371,13%,0.214,31,x,x,-,0%,0%,0%,0.0,0.0,0.0,0.0,0.0,0.0,0.0,0.0,0.0
Nick Hundley,,C,2800,SF,@LAD,3.30,Urias,0.316,0%,L,R,0.305,0%,0.137,-5,x,x,-,0%,0%,0%,3.8,4.9,4.9,-0.4,10.2,0.0,0.0,4.0,1.4
Brandon Guyer,1,OF,2800,CLE,@DET,4.39,Boyd,0.353,7%,L,R,0.373,12%,0.167,23,7,7,-2,0%,-5%,-1%,3.0,3.2,3.2,-1.5,7.9,6.2,2.2,0.0,0.0
Ryan O'Hearn,,1B,2800,KC,CWS,4.17,Pelfrey,,%,R,,,%,,,x,x,-,0%,0%,0%,0.0,0.0,0.0,0.0,0.0,0.0,0.0,0.0,0.0
Eduardo Escobar,,3B/SS,2800,MIN,OAK,4.45,Graveman,0.320,0%,R,S,0.295,-3%,0.125,-12,7,x,-1,0%,-4%,0%,7.0,7.0,7.0,-0.9,14.9,5.9,2.1,10.0,3.6
Stephen Drew,,3B/SS,2800,WAS,ARI,4.37,Ray,0.302,-4%,L,L,0.251,-9%,0.126,-25,x,x,-,0%,0%,0%,6.3,6.3,6.3,-6.3,18.8,0.0,0.0,0.0,0.0
James McCann,,C,2800,DET,CLE,3.61,Carrasco,0.273,-10%,R,R,0.251,-13%,0.084,-39,x,x,-,0%,0%,0%,6.1,6.6,6.6,-1.7,14.8,0.0,0.0,2.0,0.7
Ryan Rua,,1B/OF,2800,TEX,@HOU,3.63,Morton,0.310,-2%,R,R,0.284,-4%,0.133,-4,9,x,-1,-1%,0%,4%,5.7,5.4,5.4,-2.0,12.7,5.9,2.1,7.0,2.5
Rob Segedin,,3B/OF,2800,LAD,SF,4.20,Samardzija,0.283,-8%,R,R,0.305,-1%,0.118,0,x,x,-,0%,0%,0%,5.0,5.0,5.0,5.0,5.0,0.0,0.0,0.0,0.0
Mike Zunino,0,C,2800,SEA,LAA,4.11,Nolasco,0.348,6%,R,R,0.268,-3%,0.192,8,8,8,0,-5%,0%,0%,4.2,3.8,3.8,0.3,7.4,5.6,2.0,5.0,1.8
Ben Gamel,3,OF,2800,SEA,LAA,4.11,Nolasco,0.335,3%,R,L,0.254,-1%,0.093,1,2,2,2,-3%,0%,0%,7.7,7.7,7.7,0.8,14.5,7.0,2.5,8.0,2.9
Pat Valaika,,SS,2800,COL,@SD,4.06,Weaver,0.330,2%,R,R,,-1%,,2,x,x,-,0%,0%,0%,5.3,5.3,5.3,1.0,9.5,0.0,0.0,0.0,0.0
Chris Coghlan,,3B/OF,2800,TOR,@NYY,4.13,Sabathia,0.274,-10%,L,L,0.279,-10%,0.086,-33,x,x,-,0%,0%,0%,5.1,5.1,5.1,-0.8,11.0,0.0,0.0,0.0,0.0
Jose Martinez,,1B/OF,2800,STL,MIL,4.08,TBA,,%,,R,,%,,,x,x,-,0%,0%,0%,6.2,6.2,6.2,2.5,9.9,0.0,0.0,0.0,0.0
Ezequiel Carrera,,OF,2800,TOR,@NYY,4.13,Sabathia,0.274,-10%,L,L,0.352,-1%,0.116,-12,x,x,-,0%,0%,0%,6.4,5.4,5.4,1.3,9.4,0.0,0.0,0.0,0.0
Tucker Barnhart,,C,2800,CIN,PIT,4.30,Taillon,0.300,-4%,R,S,0.307,7%,0.108,11,x,x,-,0%,0%,0%,5.1,5.0,5.0,0.4,9.6,0.0,0.0,0.0,0.0
Jarrod Saltalamacchia,,C,2800,TOR,@NYY,4.13,Sabathia,0.350,7%,L,S,0.279,-2%,0.131,-9,x,x,-,0%,0%,0%,1.2,1.2,1.2,-0.9,3.2,0.0,0.0,0.0,0.0
Ryan LaMarre,,OF,2800,OAK,@MIN,4.05,Santiago,0.323,1%,L,R,,3%,,8,x,x,-,0%,0%,0%,1.0,1.0,1.0,-0.4,2.4,0.0,0.0,0.0,0.0
Jacob May,,OF,2800,CWS,@KC,3.33,Karns,0.310,-2%,R,S,,2%,,6,x,x,-,0%,0%,0%,1.4,1.8,1.8,-0.3,4.0,0.0,0.0,0.0,0.0
Wilmer Flores,,1B/3B,2800,NYM,@ATL,4.55,Colon,0.316,-1%,R,R,0.284,-7%,0.118,-24,x,x,-,0%,0%,0%,5.9,5.9,5.9,-1.2,12.9,0.0,0.0,0.0,0.0
Phil Gosselin,,2B,2800,PIT,@CIN,4.20,Davis,,-1%,R,R,0.306,-1%,0.114,11,x,x,-,0%,0%,0%,2.3,2.3,2.3,-0.9,5.5,0.0,0.0,0.0,0.0
Andrelton Simmons,1,SS,2800,LAA,@SEA,3.89,Iwakuma,0.291,-6%,R,R,0.290,-1%,0.081,-11,6,6,0,-7%,0%,0%,7.0,6.6,6.6,0.9,12.4,5.9,2.1,2.0,0.7
Wilmer Difo,,SS,2700,WAS,ARI,4.37,Ray,0.345,5%,L,S,,3%,,8,x,x,-,0%,0%,0%,5.7,5.5,5.5,0.8,10.1,0.0,0.0,0.0,0.0
Bruce Maxwell,,C,2700,OAK,@MIN,4.05,Santiago,0.303,-4%,L,L,,-7%,,-22,x,x,-,0%,0%,0%,3.0,3.0,3.0,-1.2,7.2,0.0,0.0,0.0,0.0
Josh Rutledge,,2B/3B,2700,BOS,BAL,4.82,Gausman,0.347,6%,R,R,0.297,-1%,0.114,0,x,x,-,0%,0%,0%,0.0,0.0,0.0,0.0,0.0,0.0,0.0,7.0,2.6
Jake Marisnick,,OF,2700,HOU,TEX,4.87,Martinez,0.352,7%,R,R,0.262,-4%,0.099,-18,x,x,-,0%,0%,0%,6.1,6.1,6.1,0.3,11.9,0.0,0.0,5.0,1.9
Gleyber Torres,,SS,2700,NYY,TOR,3.87,Stroman,,%,R,,,%,,,x,x,-,0%,0%,0%,0.0,0.0,0.0,0.0,0.0,0.0,0.0,0.0,0.0
Greg Garcia,,3B/SS,2700,STL,MIL,4.08,TBA,,%,,L,,%,,,x,x,-,0%,0%,0%,6.9,6.9,6.9,0.3,13.5,0.0,0.0,0.0,0.0
Christian Vazquez,0,C,2700,BOS,BAL,4.82,Gausman,0.347,6%,R,R,0.277,-3%,0.078,-12,9,8,-1,4%,-5%,0%,7.6,7.6,7.6,-1.9,17.1,5.9,2.2,0.0,0.0
Guillermo Heredia,,OF,2700,SEA,LAA,4.11,Nolasco,0.348,6%,R,R,0.324,-1%,0.088,-3,7,7,-1,-5%,0%,0%,7.2,7.1,7.1,-0.1,14.2,6.0,2.2,0.0,0.0
Ryan Flaherty,,3B/SS,2700,BAL,@BOS,4.18,Pomeranz,0.264,-12%,L,L,0.274,-5%,0.144,-12,x,x,-,0%,0%,0%,3.7,3.7,3.7,-1.1,8.4,0.0,0.0,0.0,0.0
Austin Hedges,1,C,2700,SD,COL,3.94,Senzatela,,-1%,R,R,0.229,-7%,0.133,-2,7,7,-1,-2%,-1%,0%,9.8,6.8,6.8,-1.1,14.7,5.4,2.0,0.0,0.0
Travis d'Arnaud,,C,2700,NYM,@ATL,4.55,Colon,0.316,-1%,R,R,0.309,-1%,0.155,-4,x,x,-,0%,0%,0%,9.1,8.6,8.6,-4.8,21.9,0.0,0.0,0.0,0.0
Andre Ethier,0,OF,2700,LAD,SF,4.20,Samardzija,0.337,4%,R,L,0.351,7%,0.175,14,x,x,-,0%,0%,0%,0.0,0.0,0.0,0.0,0.0,0.0,0.0,0.0,0.0
Cody Asche,,1B,2700,CWS,@KC,3.33,Karns,0.310,-2%,R,L,0.290,0%,0.143,4,9,6,-2,1%,-9%,0%,2.1,2.2,2.2,-0.5,4.8,5.1,1.9,0.0,0.0
Terrance Gore,,OF,2700,KC,CWS,4.17,Pelfrey,0.352,7%,R,R,,-1%,,2,x,x,-,0%,0%,0%,0.0,0.0,0.0,0.0,0.0,0.0,0.0,0.0,0.0
Mac Williamson,,OF,2700,SF,@LAD,3.30,Urias,0.316,0%,L,R,0.285,1%,0.173,9,x,x,-,0%,0%,0%,0.0,0.0,0.0,0.0,0.0,0.0,0.0,0.0,0.0
Christian Bethancourt,,C,2700,SD,COL,3.94,Senzatela,,-1%,R,R,0.243,-2%,0.101,5,x,x,-,0%,0%,0%,0.0,0.0,0.0,0.0,0.0,0.0,0.0,0.0,0.0
Peter Bourjos,,OF,2700,TB,MIA,4.41,Conley,0.316,-1%,L,R,0.276,-1%,0.098,-11,9,9,-3,-3%,0%,0%,3.4,3.9,3.9,-0.8,8.6,4.5,1.7,15.0,5.6
John Hicks,,1B/C,2700,DET,CLE,3.61,Carrasco,0.273,-10%,R,R,0.280,-2%,0.146,1,x,x,-,0%,0%,0%,11.5,11.5,11.5,1.9,21.1,0.0,0.0,0.0,0.0
Tyler Collins,1,OF,2700,DET,CLE,3.61,Carrasco,0.294,-6%,R,L,0.328,5%,0.155,9,6,6,-3,-4%,-5%,-1%,7.7,7.1,7.1,-0.5,14.7,5.2,1.9,4.0,1.5
Derek Norris,1,C,2700,TB,MIA,4.41,Conley,0.316,-1%,L,R,0.357,15%,0.177,17,x,x,-,0%,0%,0%,5.3,5.0,5.0,-0.2,10.1,0.0,0.0,0.0,0.0
Mikie Mahtook,,OF,2700,DET,CLE,3.61,Carrasco,0.273,-10%,R,R,0.252,-7%,0.122,-9,x,x,-,0%,0%,0%,3.1,3.1,3.1,-0.3,6.5,0.0,0.0,0.0,0.0
Aaron Hill,,2B/OF,2700,SF,@LAD,3.30,Urias,0.316,0%,L,R,0.315,5%,0.136,9,x,x,-,0%,0%,0%,4.2,4.2,4.2,-1.8,10.2,0.0,0.0,0.0,0.0
Tony Wolters,,C,2700,COL,@SD,4.06,Weaver,0.323,1%,R,L,0.338,3%,0.141,3,x,x,-,0%,0%,0%,6.7,6.2,6.2,0.7,11.7,0.0,0.0,0.0,0.0
Micah Johnson,,2B,2700,ATL,NYM,3.95,deGrom,0.284,-8%,R,L,0.279,-1%,0.049,-7,x,x,-,0%,0%,0%,0.0,0.0,0.0,0.0,0.0,0.0,0.0,0.0,0.0
Deven Marrero,,3B,2700,BOS,BAL,4.82,Gausman,0.347,6%,R,R,0.312,-1%,0.088,-1,x,x,-,0%,0%,0%,0.0,0.0,0.0,0.0,0.0,0.0,0.0,0.0,0.0
Dixon Machado,,2B/SS,2700,DET,CLE,3.61,Carrasco,0.273,-10%,R,R,0.233,-5%,0.029,-10,x,x,-,0%,0%,0%,2.0,2.0,2.0,-0.1,4.1,0.0,0.0,0.0,0.0
Manny Pina,,C,2700,MIL,@STL,3.42,TBA,,%,,R,,%,,,x,x,-,2%,-10%,-1%,9.3,8.1,8.1,2.0,14.3,0.0,0.0,0.0,0.0
Danny Espinosa,,2B,2700,LAA,@SEA,3.89,Iwakuma,0.303,-4%,R,S,0.278,-4%,0.143,-9,x,x,-,0%,0%,0%,3.2,5.3,5.3,-1.4,11.9,0.0,0.0,0.0,0.0
Ian Happ,,2B,2700,CHC,PHI,3.93,Eickhoff,0.345,5%,R,S,,2%,,6,x,x,-,0%,0%,0%,0.0,0.0,0.0,0.0,0.0,0.0,0.0,0.0,0.0
Matt Szczur,,OF,2700,CHC,PHI,3.93,Eickhoff,0.254,-14%,R,R,0.274,-4%,0.095,-11,x,x,-,0%,0%,0%,3.0,3.0,3.0,2.0,4.0,0.0,0.0,5.0,1.9
Caleb Joseph,,C,2600,BAL,@BOS,4.18,Pomeranz,0.291,-6%,L,R,0.268,1%,0.160,16,9,9,0,9%,-6%,0%,4.5,4.5,4.5,-2.6,11.6,5.4,2.1,3.0,1.2
Patrick Kivlehan,,OF,2600,CIN,PIT,4.30,Taillon,0.297,-5%,R,R,0.282,-2%,0.038,-3,x,x,-,0%,0%,0%,5.8,5.8,5.8,-1.5,13.0,0.0,0.0,0.0,0.0
Scott Van Slyke,,1B/OF,2600,LAD,SF,4.20,Samardzija,0.283,-8%,R,R,0.286,-9%,0.118,-19,x,x,-,0%,0%,0%,4.1,4.1,4.1,-0.9,9.1,0.0,0.0,0.0,0.0
Willy Garcia,,OF,2600,CWS,@KC,3.33,Karns,0.341,5%,R,R,,-1%,,2,x,x,-,0%,0%,0%,3.3,3.3,3.3,1.8,4.9,0.0,0.0,0.0,0.0
Hanser Alberto,,2B/SS,2600,TEX,@HOU,3.63,Morton,0.310,-2%,R,R,0.221,-5%,0.050,-10,x,x,-,0%,0%,0%,0.0,0.0,0.0,0.0,0.0,0.0,0.0,0.0,0.0
Matt Joyce,,OF,2600,OAK,@MIN,4.05,Santiago,0.303,-4%,L,L,0.234,-13%,0.115,-22,9,x,-4,3%,-4%,0%,4.9,4.3,4.3,-1.7,10.4,5.2,2.0,12.0,4.6
Yan Gomes,2,C,2600,CLE,@DET,4.39,Boyd,0.353,7%,L,R,0.341,12%,0.174,-1,9,9,0,-1%,-6%,-1%,4.6,4.3,4.3,0.0,8.6,6.1,2.3,8.0,3.1
T.J. Rivera,1,2B/3B,2600,NYM,@ATL,4.55,Colon,0.316,-1%,R,R,0.387,3%,0.191,7,8,8,-1,3%,-1%,0%,4.9,4.9,4.9,-1.9,11.7,6.2,2.4,13.0,5.0
Austin Romine,1,C,2600,NYY,TOR,3.87,Stroman,0.295,-5%,R,R,0.277,-3%,0.107,-5,x,x,-,0%,0%,0%,5.5,6.5,6.5,-0.4,13.4,0.0,0.0,0.0,0.0
Brock Stassi,,1B/OF,2600,PHI,@CHC,2.57,Arrieta,0.255,-14%,R,L,,2%,,6,6,x,1,-2%,-6%,-3%,6.5,6.5,6.5,-0.3,13.3,4.6,1.8,5.0,1.9
Austin Jackson,1,OF,2600,CLE,@DET,4.39,Boyd,0.353,7%,L,R,0.317,6%,0.127,17,x,x,-,0%,0%,0%,5.2,5.6,5.6,1.2,10.1,0.0,0.0,0.0,0.0
Rickie Weeks Jr.,5,1B,2600,TB,MIA,4.41,Conley,0.316,-1%,L,R,0.358,9%,0.224,29,6,4,-1,-4%,0%,0%,4.0,5.2,5.2,0.5,9.9,6.5,2.5,13.0,5.0
Geovany Soto,,C,2600,CWS,@KC,3.33,Karns,0.341,5%,R,R,0.303,-2%,0.173,-2,x,x,-,0%,0%,0%,4.7,7.4,7.4,-2.6,17.3,0.0,0.0,0.0,0.0
Jose Iglesias,1,SS,2600,DET,CLE,3.61,Carrasco,0.273,-10%,R,R,0.281,-7%,0.060,-31,9,9,0,0%,-4%,0%,7.6,6.3,6.3,-0.9,13.6,4.4,1.7,5.0,1.9
Shawn O'Malley,,2B/SS,2600,SEA,LAA,4.11,Nolasco,0.335,3%,R,S,0.277,-1%,0.082,-5,x,x,-,0%,0%,0%,0.0,0.0,0.0,0.0,0.0,0.0,0.0,0.0,0.0
Tommy La Stella,,2B/3B,2600,CHC,PHI,3.93,Eickhoff,0.345,5%,R,L,0.299,-3%,0.093,-2,x,x,-,0%,0%,0%,0.0,0.0,0.0,0.0,0.0,0.0,0.0,0.0,0.0
Brandon Nimmo,,OF,2600,NYM,@ATL,4.55,Colon,0.310,-2%,R,L,0.298,1%,0.061,-3,x,x,-,0%,0%,0%,0.0,0.0,0.0,0.0,0.0,0.0,0.0,0.0,0.0
Christian Colon,,2B/SS,2600,KC,CWS,4.17,Pelfrey,0.352,7%,R,R,0.280,-4%,0.068,-12,x,x,-,0%,0%,0%,2.2,2.2,2.2,0.2,4.1,0.0,0.0,0.0,0.0
Kelby Tomlinson,,2B/SS,2600,SF,@LAD,3.30,Urias,0.316,0%,L,R,0.352,5%,0.101,5,8,x,-1,-5%,-1%,0%,5.5,5.5,5.5,-2.3,13.3,5.3,2.0,3.0,1.2
Jett Bandy,,C,2600,MIL,@STL,3.42,TBA,,%,,R,,%,,,x,7,-,0%,0%,0%,10.0,8.9,8.9,1.6,16.3,0.0,0.0,0.0,0.0
Chris Heisey,,OF,2600,WAS,ARI,4.37,Ray,0.345,5%,L,R,0.302,1%,0.200,8,x,x,-,0%,0%,0%,9.7,9.7,9.7,3.8,15.5,0.0,0.0,0.0,0.0
Rio Ruiz,,3B,2600,ATL,NYM,3.95,deGrom,0.284,-8%,R,L,,2%,,6,x,x,-,0%,0%,0%,0.0,0.0,0.0,0.0,0.0,0.0,0.0,0.0,0.0
Destin Hood,,OF,2600,MIA,@TB,4.09,Snell,0.326,2%,L,R,,3%,,8,x,x,-,0%,0%,0%,0.0,0.0,0.0,0.0,0.0,0.0,0.0,0.0,0.0
Gift Ngoepe,2,SS,2600,PIT,@CIN,4.20,Davis,,-1%,R,R,,-1%,,2,8,x,0,-1%,-5%,0%,10.0,10.0,10.0,0.2,19.8,2.3,0.9,4.0,1.5
Omar Narvaez,,C,2600,CWS,@KC,3.33,Karns,0.310,-2%,R,L,0.287,-1%,0.028,-14,8,8,0,3%,-7%,0%,5.4,4.7,4.7,-0.3,9.7,4.8,1.8,0.0,0.0
Erick Aybar,,SS,2600,SD,COL,3.94,Senzatela,,1%,R,S,0.299,3%,0.092,3,8,8,-3,-2%,-1%,0%,7.8,5.5,5.5,-0.6,11.6,5.0,1.9,14.0,5.4
Andres Blanco,,2B/SS,2500,PHI,@CHC,2.57,Arrieta,0.255,-14%,R,S,0.334,-2%,0.186,1,x,x,-,0%,0%,0%,5.3,5.3,5.3,-2.2,12.9,0.0,0.0,0.0,0.0
Ronald Torreyes,,SS,2500,NYY,TOR,3.87,Stroman,0.295,-5%,R,R,0.318,0%,0.149,5,8,8,1,-4%,-5%,0%,6.1,6.1,6.1,-0.1,12.2,4.6,1.8,2.0,0.8
Yolmer Sanchez,,2B/3B,2500,CWS,@KC,3.33,Karns,0.310,-2%,R,S,0.251,-3%,0.103,-8,2,x,3,4%,-8%,0%,6.8,6.5,6.5,-1.5,14.5,6.0,2.4,5.0,2.0
Jim Adduci,1,OF,2500,DET,CLE,3.61,Carrasco,0.294,-6%,R,L,0.269,-2%,0.100,-3,8,8,-1,-5%,-5%,-1%,8.6,8.6,8.6,-0.4,17.6,5.0,2.0,8.0,3.2
Luis Sardinas,,3B/SS,2500,SD,COL,3.94,Senzatela,,1%,R,S,0.233,-6%,0.037,-31,x,x,-,0%,0%,0%,3.1,3.1,3.1,-0.3,6.6,0.0,0.0,0.0,0.0
Chris Iannetta,0,C,2500,ARI,@WAS,3.63,Gonzalez,0.313,-2%,L,R,0.359,15%,0.181,26,x,x,-,0%,0%,0%,6.3,6.2,6.2,0.4,12.0,0.0,0.0,0.0,0.0
Tyler Moore,,1B/OF,2500,MIA,@TB,4.09,Snell,0.326,2%,L,R,0.271,1%,0.148,6,x,x,-,0%,0%,0%,3.0,3.0,3.0,3.0,3.0,0.0,0.0,0.0,0.0
Cristhian Adames,,2B/SS,2500,COL,@SD,4.06,Weaver,0.323,1%,R,S,0.247,-4%,0.063,-13,x,x,-,0%,0%,0%,0.0,0.0,0.0,0.0,0.0,0.0,0.0,0.0,0.0
Giovanny Urshela,,3B,2500,CLE,@DET,4.39,Boyd,0.353,7%,L,R,0.299,3%,0.087,3,x,x,-,0%,0%,0%,0.0,0.0,0.0,0.0,0.0,0.0,0.0,0.0,0.0
Gorkys Hernandez,1,OF,2500,SF,@LAD,3.30,Urias,0.316,0%,L,R,0.256,1%,0.108,3,1,1,4,-5%,-1%,0%,4.5,4.3,4.3,-0.9,9.6,6.8,2.7,9.0,3.6
Adeiny Hechavarria,,SS,2500,MIA,@TB,4.09,Snell,0.326,2%,L,R,0.302,8%,0.085,7,8,8,0,-5%,0%,0%,4.6,4.3,4.3,-0.8,9.4,5.5,2.2,17.0,6.8
Boog Powell,,OF,2500,SEA,LAA,4.11,Nolasco,0.335,3%,R,L,,2%,,6,x,x,-,0%,0%,0%,0.0,0.0,0.0,0.0,0.0,0.0,0.0,0.0,0.0
Adam Rosales,6,2B/SS,2500,OAK,@MIN,4.05,Santiago,0.323,1%,L,R,0.337,5%,0.180,4,6,2,2,6%,-5%,0%,5.3,5.3,5.3,0.0,10.6,6.4,2.6,9.0,3.6
Ehire Adrianza,,2B/SS,2500,MIN,OAK,4.45,Graveman,0.320,0%,R,S,0.265,-2%,0.083,-8,x,x,-,0%,0%,0%,0.0,0.0,0.0,0.0,0.0,0.0,0.0,0.0,0.0
Curt Casali,,C,2500,TB,MIA,4.41,Conley,0.316,-1%,L,R,0.323,5%,0.210,11,x,x,-,0%,0%,0%,0.0,0.0,0.0,0.0,0.0,0.0,0.0,0.0,0.0
Carlos Ruiz,,C,2500,SEA,LAA,4.11,Nolasco,0.348,6%,R,R,0.280,-8%,0.075,-26,x,x,-,0%,0%,0%,3.4,3.4,3.4,-0.4,7.2,0.0,0.0,0.0,0.0
Darwin Barney,2,2B/3B,2500,TOR,@NYY,4.13,Sabathia,0.350,7%,L,R,0.328,8%,0.129,11,8,2,-1,-5%,-5%,0%,5.1,5.1,5.1,0.7,9.6,4.9,2.0,8.0,3.2
Ichiro Suzuki,0,OF,2500,MIA,@TB,4.09,Snell,,-4%,L,L,0.335,12%,0.100,33,9,x,0,1%,0%,0%,4.3,4.3,4.3,-4.3,12.8,6.0,2.4,5.0,2.0
Carson Kelly,,C,2500,STL,MIL,4.08,TBA,,%,,R,,%,,,x,x,-,0%,0%,0%,0.0,0.0,0.0,0.0,0.0,0.0,0.0,0.0,0.0
Allen Cordoba,,OF/SS,2500,SD,COL,3.94,Senzatela,,-1%,R,R,,-1%,,2,x,x,-,0%,0%,0%,5.7,5.7,5.7,-1.7,13.0,0.0,0.0,0.0,0.0
A.J. Ellis,,C,2400,MIA,@TB,4.09,Snell,0.326,2%,L,R,0.321,10%,0.141,32,x,x,-,0%,0%,0%,4.2,4.2,4.2,0.5,7.9,0.0,0.0,0.0,0.0
Alexi Amarista,0,2B/OF,2400,COL,@SD,4.06,Weaver,0.323,1%,R,L,0.266,5%,0.085,19,7,x,0,-15%,-1%,0%,4.2,4.2,4.2,0.1,8.3,3.9,1.6,5.0,2.1
Juan Lagares,,OF,2400,NYM,@ATL,4.55,Colon,0.316,-1%,R,R,0.277,-5%,0.093,-14,x,x,-,0%,0%,0%,2.1,2.1,2.1,0.6,3.6,0.0,0.0,7.0,2.9
Kurt Suzuki,,C,2400,ATL,NYM,3.95,deGrom,0.262,-13%,R,R,0.290,-2%,0.095,-6,x,x,-,0%,0%,0%,6.2,6.1,6.1,-0.7,12.9,0.0,0.0,3.0,1.3
Luke Maile,,C,2400,TOR,@NYY,4.13,Sabathia,0.350,7%,L,R,0.277,2%,0.164,9,x,x,-,0%,0%,0%,2.0,2.0,2.0,2.0,2.0,0.0,0.0,0.0,0.0
Conor Gillaspie,,1B/3B,2400,SF,@LAD,3.30,Urias,,-5%,L,L,0.234,-14%,0.095,-25,x,x,-,0%,0%,0%,4.4,4.4,4.4,-0.4,9.2,0.0,0.0,0.0,0.0
Daniel Descalso,,2B/OF,2400,ARI,@WAS,3.63,Gonzalez,0.273,-10%,L,L,0.283,-6%,0.099,-21,x,x,-,0%,0%,0%,6.5,5.8,5.8,-1.4,13.1,0.0,0.0,0.0,0.0
Jesus Sucre,,C,2400,TB,MIA,4.41,Conley,0.316,-1%,L,R,0.334,6%,0.113,7,8,x,0,-3%,0%,0%,6.4,6.4,6.4,-0.4,13.2,4.8,2.0,4.0,1.7
Raul Mondesi,,2B,2400,KC,CWS,4.17,Pelfrey,0.355,8%,R,S,0.211,-5%,0.111,0,x,x,-,0%,0%,0%,5.3,4.4,4.4,-1.4,10.2,0.0,0.0,0.0,0.0
Jose Lobaton,,C,2400,WAS,ARI,4.37,Ray,0.345,5%,L,S,0.250,-1%,0.073,-7,x,x,-,0%,0%,0%,3.3,3.3,3.3,-1.7,8.3,0.0,0.0,0.0,0.0
Kevan Smith,,C,2400,CWS,@KC,3.33,Karns,0.341,5%,R,R,,-1%,,2,x,x,-,0%,0%,0%,2.3,2.3,2.3,-1.7,6.4,0.0,0.0,0.0,0.0
Chris Stewart,,C,2400,PIT,@CIN,4.20,Davis,,-1%,R,R,0.273,-3%,0.050,0,x,x,-,0%,0%,0%,4.3,4.3,4.3,0.6,8.1,0.0,0.0,0.0,0.0
Yandy Diaz,,3B,2400,CLE,@DET,4.39,Boyd,0.353,7%,L,R,,3%,,8,x,x,-,0%,0%,0%,4.9,4.9,4.9,1.8,7.9,0.0,0.0,0.0,0.0
Eric Fryer,,C,2400,STL,MIL,4.08,TBA,,%,,R,,%,,,x,x,-,0%,0%,0%,2.2,2.2,2.2,-0.7,5.1,0.0,0.0,0.0,0.0
Rafael Bautista,,OF,2400,WAS,ARI,4.37,Ray,0.345,5%,L,R,,3%,,8,x,x,-,0%,0%,0%,0.0,0.0,0.0,0.0,0.0,0.0,0.0,0.0,0.0
Daniel Robertson,,2B/3B,2400,TB,MIA,4.41,Conley,0.316,-1%,L,R,,3%,,8,7,8,1,0%,0%,0%,5.1,4.5,4.5,-0.6,9.6,5.0,2.1,16.0,6.7
Jabari Blash,,OF,2400,SD,COL,3.94,Senzatela,,-1%,R,R,0.269,-3%,0.111,-3,x,x,-,0%,0%,0%,4.6,4.6,4.6,-1.5,10.7,0.0,0.0,4.0,1.7
John Bormann,,C,2400,PIT,@CIN,4.20,Davis,,-1%,R,R,,-1%,,2,x,x,-,0%,0%,0%,0.0,0.0,0.0,0.0,0.0,0.0,0.0,0.0,0.0
Nick Ahmed,0,SS,2300,ARI,@WAS,3.63,Gonzalez,0.313,-2%,L,R,0.301,10%,0.116,8,7,7,1,-1%,-5%,0%,3.2,5.0,5.0,-1.3,11.3,5.5,2.4,5.0,2.2
Matt Reynolds,,2B/SS,2300,NYM,@ATL,4.55,Colon,0.316,-1%,R,R,0.246,-4%,0.121,-1,x,x,-,0%,0%,0%,5.0,5.0,5.0,5.0,5.0,0.0,0.0,0.0,0.0
Ryan Goins,,2B/SS,2300,TOR,@NYY,4.13,Sabathia,0.274,-10%,L,L,0.229,-9%,0.085,-20,9,9,-1,2%,-5%,0%,6.0,5.3,5.3,-1.1,11.6,4.8,2.1,5.0,2.2
JT Riddle,,SS,2300,MIA,@TB,4.09,Snell,,-4%,L,L,,-7%,,-22,x,x,-,0%,0%,0%,1.3,1.3,1.3,-0.3,2.8,0.0,0.0,0.0,0.0
Drew Stubbs,,OF,2300,SF,@LAD,3.30,Urias,0.316,0%,L,R,0.331,1%,0.133,-14,x,x,-,0%,0%,0%,1.4,1.4,1.4,-0.6,3.4,0.0,0.0,0.0,0.0
Chad Pinder,0,2B,2300,OAK,@MIN,4.05,Santiago,0.323,1%,L,R,0.295,2%,0.189,9,8,8,0,7%,-5%,0%,5.8,5.8,5.8,-2.0,13.6,5.7,2.5,5.0,2.2
Kyle Higashioka,,C,2300,NYY,TOR,3.87,Stroman,0.295,-5%,R,R,,-1%,,2,9,x,0,-1%,-6%,0%,0.5,0.5,0.5,-0.5,1.5,4.2,1.8,2.0,0.9
Kevin Plawecki,,C,2300,NYM,@ATL,4.55,Colon,0.316,-1%,R,R,0.258,-2%,0.058,-21,x,x,-,0%,0%,0%,0.0,0.0,0.0,0.0,0.0,0.0,0.0,0.0,0.0
Hector Sanchez,,C,2300,SD,COL,3.94,Senzatela,,1%,R,S,0.269,-1%,0.155,8,x,x,-,0%,0%,0%,0.0,0.0,0.0,0.0,0.0,0.0,0.0,0.0,0.0
Mike Freeman,,2B/OF,2200,SEA,LAA,4.11,Nolasco,0.335,3%,R,L,0.187,-2%,0.108,3,x,x,-,0%,0%,0%,4.8,4.8,4.8,-3.5,13.0,0.0,0.0,0.0,0.0
Roberto Perez,,C,2200,CLE,@DET,4.39,Boyd,0.353,7%,L,R,0.298,3%,0.129,6,x,x,-,0%,0%,0%,3.4,3.4,3.4,-2.3,9.1,0.0,0.0,0.0,0.0
Martin Maldonado,,C,2200,LAA,@SEA,3.89,Iwakuma,0.291,-6%,R,R,0.266,-5%,0.093,-18,9,9,0,-6%,0%,0%,4.1,4.0,4.0,0.0,8.1,4.4,2.0,0.0,0.0
Michael Morse,0,1B/OF,2200,SF,@LAD,3.30,Urias,0.316,0%,L,R,0.321,0%,0.196,15,x,x,-,0%,0%,0%,3.0,3.0,3.0,0.1,5.9,0.0,0.0,0.0,0.0
Elias Diaz,2,C,2200,PIT,@CIN,4.20,Davis,,-1%,R,R,,-1%,,2,6,x,0,1%,-5%,0%,7.0,7.0,7.0,7.0,7.0,5.3,2.4,3.0,1.4
Daniel Vogelbach,,1B,2200,SEA,LAA,4.11,Nolasco,0.335,3%,R,L,,2%,,6,x,x,-,0%,0%,0%,3.5,3.5,3.5,0.4,6.6,0.0,0.0,0.0,0.0
Ty Kelly,,3B/OF,2200,PHI,@CHC,2.57,Arrieta,0.255,-14%,R,S,0.241,-1%,0.098,2,x,x,-,0%,0%,0%,0.0,0.0,0.0,0.0,0.0,0.0,0.0,0.0,0.0
Drew Robinson,,2B/OF,2200,TEX,@HOU,3.63,Morton,0.342,5%,R,L,,2%,,6,x,x,-,0%,0%,0%,0.0,0.0,0.0,0.0,0.0,0.0,0.0,0.0,0.0
Tony Kemp,,2B/OF,2200,HOU,TEX,4.87,Martinez,0.344,5%,R,L,0.282,-1%,0.118,0,x,x,-,0%,0%,0%,0.0,0.0,0.0,0.0,0.0,0.0,0.0,0.0,0.0
Andrew Romine,,OF/SS,2200,DET,CLE,3.61,Carrasco,0.294,-6%,R,S,0.261,-4%,0.069,2,x,x,-,0%,0%,0%,4.6,6.2,6.2,-0.8,13.2,0.0,0.0,0.0,0.0
Juan Graterol,,C,2200,LAA,@SEA,3.89,Iwakuma,0.291,-6%,R,R,,-1%,,2,x,x,-,0%,0%,0%,1.0,1.0,1.0,-0.7,2.7,0.0,0.0,0.0,0.0
Stuart Turner,,C,2200,CIN,PIT,4.30,Taillon,0.297,-5%,R,R,,-1%,,2,x,x,-,0%,0%,0%,4.3,4.3,4.3,-1.7,10.4,0.0,0.0,0.0,0.0
Jaff Decker,,OF,2200,OAK,@MIN,4.05,Santiago,0.303,-4%,L,L,0.163,-9%,0.000,-26,x,x,-,0%,0%,0%,2.6,4.7,4.7,-1.6,10.9,0.0,0.0,0.0,0.0
Zack Collins,,C,2100,CWS,@KC,3.33,Karns,,%,R,,,%,,,x,x,-,0%,0%,0%,0.0,0.0,0.0,0.0,0.0,0.0,0.0,0.0,0.0
Emilio Bonifacio,,OF,2100,ATL,NYM,3.95,deGrom,0.284,-8%,R,S,0.227,-11%,0.042,-29,x,x,-,0%,0%,0%,2.0,2.0,2.0,-0.7,4.7,0.0,0.0,7.0,3.3
Matt Olson,,OF,2100,OAK,@MIN,4.05,Santiago,0.303,-4%,L,L,,-7%,,-22,x,x,-,0%,0%,0%,0.0,0.0,0.0,0.0,0.0,0.0,0.0,0.0,0.0
Miguel Rojas,,3B/SS,2100,MIA,@TB,4.09,Snell,0.326,2%,L,R,0.204,-4%,0.077,10,7,9,1,-3%,0%,0%,5.2,5.4,5.4,0.0,10.7,5.3,2.5,18.0,8.6
Carlos Perez,,C,2100,LAA,@SEA,3.89,Iwakuma,0.291,-6%,R,R,0.273,4%,0.119,14,x,x,-,0%,0%,0%,0.0,0.0,0.0,0.0,0.0,0.0,0.0,0.0,0.0
Shane Peterson,,OF,2100,TB,MIA,4.41,Conley,0.335,-2%,L,L,0.292,-7%,0.067,-24,x,x,-,0%,0%,0%,6.7,6.7,6.7,0.9,12.5,0.0,0.0,0.0,0.0
Eloy Jimenez,,OF,2100,CHC,PHI,3.93,Eickhoff,0.254,-14%,R,R,,-1%,,2,x,x,-,0%,0%,0%,0.0,0.0,0.0,0.0,0.0,0.0,0.0,0.0,0.0
Anthony Recker,,C,2100,ATL,NYM,3.95,deGrom,0.262,-13%,R,R,0.286,-1%,0.149,-4,x,x,-,0%,0%,0%,0.0,0.0,0.0,0.0,0.0,0.0,0.0,0.0,0.0
Jeff Mathis,0,C,2100,ARI,@WAS,3.63,Gonzalez,0.313,-2%,L,R,0.316,14%,0.178,30,8,x,0,-3%,-5%,0%,2.4,3.5,3.5,-2.4,9.5,4.8,2.3,0.0,0.0
Tim Federowicz,,C,2100,SF,@LAD,3.30,Urias,0.316,0%,L,R,0.279,2%,0.099,2,x,x,-,0%,0%,0%,2.0,2.0,2.0,2.0,2.0,0.0,0.0,0.0,0.0
Drew Butera,,C,2100,KC,CWS,4.17,Pelfrey,0.352,7%,R,R,0.270,-1%,0.111,-3,x,x,-,0%,0%,0%,2.2,2.2,2.2,-1.3,5.7,0.0,0.0,0.0,0.0
Michael Martinez,,2B/3B,2100,CLE,@DET,4.39,Boyd,0.353,7%,L,S,0.201,-2%,0.029,-4,x,x,-,0%,0%,0%,3.5,3.5,3.5,1.4,5.6,0.0,0.0,0.0,0.0
Johan Camargo,,2B/SS,2000,ATL,NYM,3.95,deGrom,0.284,-8%,R,S,,2%,,6,x,x,-,0%,0%,0%,0.0,0.0,0.0,0.0,0.0,0.0,0.0,0.0,0.0
Rene Rivera,,C,2000,NYM,@ATL,4.55,Colon,0.316,-1%,R,R,0.256,-6%,0.120,-8,7,x,0,4%,-1%,0%,4.0,3.9,3.9,-1.2,9.0,5.1,2.5,19.0,9.5
Lane Adams,,OF,2000,ATL,NYM,3.95,deGrom,0.262,-13%,R,R,,-1%,,2,x,x,-,0%,0%,0%,0.0,0.0,0.0,0.0,0.0,0.0,0.0,0.0,0.0
Brett Eibner,,OF,2000,LAD,SF,4.20,Samardzija,0.283,-8%,R,R,0.231,-6%,0.140,-1,x,x,-,0%,0%,0%,1.5,1.5,1.5,-0.6,3.6,0.0,0.0,0.0,0.0
Cliff Pennington,,2B/SS,2000,LAA,@SEA,3.89,Iwakuma,0.303,-4%,R,S,0.279,2%,0.087,4,8,x,0,-2%,0%,0%,2.8,2.8,2.8,-0.5,6.1,4.4,2.2,12.0,6.0
Chris Marrero,,OF,2000,SF,@LAD,3.30,Urias,0.316,0%,L,R,0.196,1%,0.100,6,x,x,-,0%,0%,0%,3.8,3.6,3.6,-2.2,9.5,0.0,0.0,0.0,0.0
Luis Torrens,,C,2000,SD,COL,3.94,Senzatela,,-1%,R,R,,-1%,,2,x,x,-,0%,0%,0%,0.7,0.7,0.7,-0.5,1.8,0.0,0.0,0.0,0.0
Grant Green,,2B/SS,2000,WAS,ARI,4.37,Ray,0.345,5%,L,R,0.259,0%,0.076,-4,x,x,-,0%,0%,0%,0.0,0.0,0.0,0.0,0.0,0.0,0.0,0.0,0.0
