QB,1.0000,0.6273,-0.2633,0.5522,-0.1140,0.0693,0.0882,0.3728,0.5930,-0.1632,0.3352,0.2944,-0.5992,#DIV/0!,,,,,,,,,,,WR,0.6273,1.0000,-0.0080,0.3678,-0.0206,-0.1513,-0.3492,0.0176,-0.0087,-0.0944,0.3832,0.3807,-0.3437,#DIV/0!,,,,,,,,,,,DEF,-0.2633,-0.0080,1.0000,-0.3521,0.4272,0.3407,0.0955,-0.2788,-0.2117,-0.0388,0.1035,0.0137,-0.1291,#DIV/0!,,,,,,,,,,,WR,0.5522,0.3678,-0.3521,1.0000,-0.3425,-0.1864,-0.0637,-0.1305,0.0431,0.1776,-0.2245,0.6570,-0.4397,#DIV/0!,,,,,,,,,,,RB,-0.1140,-0.0206,0.4272,-0.3425,1.0000,0.4694,0.0745,-0.3719,-0.3381,-0.0300,0.4928,0.5251,-0.4828,#DIV/0!,,,,,,,,,,,RB,0.0693,-0.1513,0.3407,-0.1864,0.4694,1.0000,0.6267,-0.2840,-0.1513,0.0717,0.6462,-0.1022,-0.1807,#DIV/0!,,,,,,,,,,,K,0.0882,-0.3492,0.0955,-0.0637,0.0745,0.6267,1.0000,0.0825,0.2435,-0.2614,0.2656,-0.2878,-0.3747,#DIV/0!,,,,,,,,,,,WR,0.3728,0.0176,-0.2788,-0.1305,-0.3719,-0.2840,0.0825,1.0000,0.7892,-0.1655,-0.0599,-0.1746,-0.0153,#DIV/0!,,,,,,,,,,,TE,0.5930,-0.0087,-0.2117,0.0431,-0.3381,-0.1513,0.2435,0.7892,1.0000,-0.4429,0.1483,-0.3324,-0.2896,#DIV/0!,,,,,,,,,,,TE,-0.1632,-0.0944,-0.0388,0.1776,-0.0300,0.0717,-0.2614,-0.1655,-0.4429,1.0000,-0.0937,0.8486,0.3143,#DIV/0!,,,,,,,,,,,TE,0.3352,0.3832,0.1035,-0.2245,0.4928,0.6462,0.2656,-0.0599,0.1483,-0.0937,1.0000,-0.1462,#DIV/0!,#DIV/0!,,,,,,,,,,,RB,0.2944,0.3807,0.0137,0.6570,0.5251,-0.1022,-0.2878,-0.1746,-0.3324,0.8486,-0.1462,1.0000,-0.5334,#DIV/0!,,,,,,,,,,,RB,-0.5992,-0.3437,-0.1291,-0.4397,-0.4828,-0.1807,-0.3747,-0.0153,-0.2896,0.3143,#DIV/0!,-0.5334,1.0000,#DIV/0!,,,,,,,,,,,TE,#DIV/0!,#DIV/0!,#DIV/0!,#DIV/0!,#DIV/0!,#DIV/0!,#DIV/0!,#DIV/0!,#DIV/0!,#DIV/0!,#DIV/0!,#DIV/0!,#DIV/0!,#DIV/0!,,,,,,,,,,,BREAK,,,,,,,,,,,,,,,,,,,,,,,,,QB,1.0000,0.1530,0.1359,0.0872,0.2621,-0.1952,0.4407,-0.0130,0.4781,0.2661,-0.1340,-0.2240,-0.0947,0.1431,-1.0000,#DIV/0!,#DIV/0!,#DIV/0!,#DIV/0!,#DIV/0!,,,,,TE,0.1530,1.0000,0.5567,-0.1472,0.2289,-0.1985,-0.0457,0.1079,-0.4556,-0.3509,0.0340,-0.0820,-0.5777,-0.2006,1.0000,#DIV/0!,#DIV/0!,#DIV/0!,#DIV/0!,#DIV/0!,,,,,RB,0.1359,0.5567,1.0000,-0.1650,0.4861,0.1682,-0.2535,0.2892,-1.0000,-0.4361,-0.3167,-0.3698,-0.3606,0.2004,1.0000,#DIV/0!,#DIV/0!,#DIV/0!,#DIV/0!,#DIV/0!,,,,,WR,0.0872,-0.1472,-0.1650,1.0000,0.1332,-0.1342,0.0285,0.1223,0.0441,-0.4281,0.1296,0.8281,-0.0367,-0.5581,1.0000,#DIV/0!,#DIV/0!,#DIV/0!,#DIV/0!,#DIV/0!,,,,,K,0.2621,0.2289,0.4861,0.1332,1.0000,-0.1014,0.0125,0.0812,-0.0080,0.2568,-0.1594,0.7781,-0.1207,-0.2351,-1.0000,#DIV/0!,#DIV/0!,#DIV/0!,#DIV/0!,#DIV/0!,,,,,DEF,-0.1952,-0.1985,0.1682,-0.1342,-0.1014,1.0000,0.1611,-0.0437,0.5384,-0.0180,0.2796,0.0211,-0.5285,0.0850,-1.0000,#DIV/0!,#DIV/0!,#DIV/0!,#DIV/0!,#DIV/0!,,,,,RB,0.4407,-0.0457,-0.2535,0.0285,0.0125,0.1611,1.0000,-0.3011,-0.4000,0.2885,-0.3436,-0.6131,0.0486,0.8486,-1.0000,#DIV/0!,#DIV/0!,#DIV/0!,#DIV/0!,#DIV/0!,,,,,WR,-0.0130,0.1079,0.2892,0.1223,0.0812,-0.0437,-0.3011,1.0000,-0.3672,-0.2237,0.6865,0.6536,-0.7172,-0.3095,-1.0000,#DIV/0!,#DIV/0!,#DIV/0!,#DIV/0!,#DIV/0!,,,,,WR,0.4781,-0.4556,-1.0000,0.0441,-0.0080,0.5384,-0.4000,-0.3672,1.0000,0.3607,#DIV/0!,#DIV/0!,#DIV/0!,-0.5714,-1.0000,#DIV/0!,#DIV/0!,#DIV/0!,#DIV/0!,#DIV/0!,,,,,RB,0.2661,-0.3509,-0.4361,-0.4281,0.2568,-0.0180,0.2885,-0.2237,0.3607,1.0000,-0.5199,-0.6752,-0.1090,0.6447,-1.0000,#DIV/0!,#DIV/0!,#DIV/0!,#DIV/0!,#DIV/0!,,,,,WR,-0.1340,0.0340,-0.3167,0.1296,-0.1594,0.2796,-0.3436,0.6865,#DIV/0!,-0.5199,1.0000,#DIV/0!,-0.2820,-0.5537,#DIV/0!,#DIV/0!,#DIV/0!,#DIV/0!,#DIV/0!,#DIV/0!,,,,,RB,-0.2240,-0.0820,-0.3698,0.8281,0.7781,0.0211,-0.6131,0.6536,#DIV/0!,-0.6752,#DIV/0!,1.0000,-0.9214,-0.5544,#DIV/0!,#DIV/0!,#DIV/0!,#DIV/0!,#DIV/0!,#DIV/0!,,,,,WR,-0.0947,-0.5777,-0.3606,-0.0367,-0.1207,-0.5285,0.0486,-0.7172,#DIV/0!,-0.1090,-0.2820,-0.9214,1.0000,-0.0736,#DIV/0!,#DIV/0!,#DIV/0!,#DIV/0!,#DIV/0!,#DIV/0!,,,,,TE,0.1431,-0.2006,0.2004,-0.5581,-0.2351,0.0850,0.8486,-0.3095,-0.5714,0.6447,-0.5537,-0.5544,-0.0736,1.0000,#DIV/0!,#DIV/0!,#DIV/0!,#DIV/0!,#DIV/0!,#DIV/0!,,,,,RB,-1.0000,1.0000,1.0000,1.0000,-1.0000,-1.0000,-1.0000,-1.0000,-1.0000,-1.0000,#DIV/0!,#DIV/0!,#DIV/0!,#DIV/0!,1.0000,#DIV/0!,#DIV/0!,#DIV/0!,#DIV/0!,#DIV/0!,,,,,QB,#DIV/0!,#DIV/0!,#DIV/0!,#DIV/0!,#DIV/0!,#DIV/0!,#DIV/0!,#DIV/0!,#DIV/0!,#DIV/0!,#DIV/0!,#DIV/0!,#DIV/0!,#DIV/0!,#DIV/0!,#DIV/0!,#DIV/0!,#DIV/0!,#DIV/0!,#DIV/0!,,,,,WR,#DIV/0!,#DIV/0!,#DIV/0!,#DIV/0!,#DIV/0!,#DIV/0!,#DIV/0!,#DIV/0!,#DIV/0!,#DIV/0!,#DIV/0!,#DIV/0!,#DIV/0!,#DIV/0!,#DIV/0!,#DIV/0!,#DIV/0!,#DIV/0!,#DIV/0!,#DIV/0!,,,,,RB,#DIV/0!,#DIV/0!,#DIV/0!,#DIV/0!,#DIV/0!,#DIV/0!,#DIV/0!,#DIV/0!,#DIV/0!,#DIV/0!,#DIV/0!,#DIV/0!,#DIV/0!,#DIV/0!,#DIV/0!,#DIV/0!,#DIV/0!,#DIV/0!,#DIV/0!,#DIV/0!,,,,,WR,#DIV/0!,#DIV/0!,#DIV/0!,#DIV/0!,#DIV/0!,#DIV/0!,#DIV/0!,#DIV/0!,#DIV/0!,#DIV/0!,#DIV/0!,#DIV/0!,#DIV/0!,#DIV/0!,#DIV/0!,#DIV/0!,#DIV/0!,#DIV/0!,#DIV/0!,#DIV/0!,,,,,TE,#DIV/0!,#DIV/0!,#DIV/0!,#DIV/0!,#DIV/0!,#DIV/0!,#DIV/0!,#DIV/0!,#DIV/0!,#DIV/0!,#DIV/0!,#DIV/0!,#DIV/0!,#DIV/0!,#DIV/0!,#DIV/0!,#DIV/0!,#DIV/0!,#DIV/0!,#DIV/0!,,,,,BREAK,,,,,,,,,,,,,,,,,,,,,,,,,QB,1.0000,-0.3366,-0.2208,-0.1455,-0.3178,0.5314,-0.3954,0.2204,0.3895,-0.0047,0.4693,0.5573,0.2371,0.2309,0.4568,-0.4557,1.0000,-1.0000,#DIV/0!,#DIV/0!,,,,,K,-0.3366,1.0000,0.2898,0.2074,0.1495,-0.5942,-0.1397,0.4282,-0.1052,-0.0183,0.0915,-0.4399,0.1781,-0.1582,-0.2489,-0.8714,-1.0000,-1.0000,#DIV/0!,#DIV/0!,,,,,WR,-0.2208,0.2898,1.0000,-0.0213,-0.0837,-0.1692,-0.0372,-0.0989,-0.5038,-0.3658,0.0220,-0.9525,0.0338,0.5818,0.7855,0.2526,1.0000,1.0000,#DIV/0!,#DIV/0!,,,,,RB,-0.1455,0.2074,-0.0213,1.0000,-0.2801,0.1975,-0.1831,-0.3902,0.1158,0.2536,0.2742,0.7638,0.1425,-0.0078,-0.5220,0.9992,1.0000,-1.0000,#DIV/0!,#DIV/0!,,,,,DEF,-0.3178,0.1495,-0.0837,-0.2801,1.0000,-0.1910,0.4022,0.2500,0.2406,0.2596,-0.0972,0.5323,0.1495,-0.5577,-0.0248,-0.4383,-1.0000,-1.0000,#DIV/0!,#DIV/0!,,,,,WR,0.5314,-0.5942,-0.1692,0.1975,-0.1910,1.0000,-0.2838,-0.4046,-0.0351,-0.1258,0.1029,0.9989,0.1394,0.2038,0.4922,0.7424,-1.0000,1.0000,#DIV/0!,#DIV/0!,,,,,RB,-0.3954,-0.1397,-0.0372,-0.1831,0.4022,-0.2838,1.0000,-0.1404,-0.1785,-0.0981,-0.2540,-0.4123,0.0659,0.1506,-0.7470,0.9125,1.0000,1.0000,#DIV/0!,#DIV/0!,,,,,WR,0.2204,0.4282,-0.0989,-0.3902,0.2500,-0.4046,-0.1404,1.0000,0.0731,0.2981,0.2702,-0.3205,-0.1479,-0.4449,0.9988,-0.9941,#DIV/0!,#DIV/0!,#DIV/0!,#DIV/0!,,,,,TE,0.3895,-0.1052,-0.5038,0.1158,0.2406,-0.0351,-0.1785,0.0731,1.0000,0.1172,0.7834,#DIV/0!,0.2399,0.0735,-0.4762,1.0000,#DIV/0!,-1.0000,#DIV/0!,#DIV/0!,,,,,TE,-0.0047,-0.0183,-0.3658,0.2536,0.2596,-0.1258,-0.0981,0.2981,0.1172,1.0000,-0.1605,0.8710,-0.3033,-0.9899,-0.4939,-0.7155,#DIV/0!,#DIV/0!,#DIV/0!,#DIV/0!,,,,,WR,0.4693,0.0915,0.0220,0.2742,-0.0972,0.1029,-0.2540,0.2702,0.7834,-0.1605,1.0000,#DIV/0!,-0.2249,#DIV/0!,0.3735,#DIV/0!,#DIV/0!,#DIV/0!,#DIV/0!,#DIV/0!,,,,,TE,0.5573,-0.4399,-0.9525,0.7638,0.5323,0.9989,-0.4123,-0.3205,#DIV/0!,0.8710,#DIV/0!,1.0000,-1.0000,#DIV/0!,#DIV/0!,#DIV/0!,-1.0000,#DIV/0!,#DIV/0!,#DIV/0!,,,,,RB,0.2371,0.1781,0.0338,0.1425,0.1495,0.1394,0.0659,-0.1479,0.2399,-0.3033,-0.2249,-1.0000,1.0000,0.6303,0.3581,-0.9989,#DIV/0!,1.0000,#DIV/0!,#DIV/0!,,,,,WR,0.2309,-0.1582,0.5818,-0.0078,-0.5577,0.2038,0.1506,-0.4449,0.0735,-0.9899,#DIV/0!,#DIV/0!,0.6303,1.0000,#DIV/0!,#DIV/0!,#DIV/0!,#DIV/0!,#DIV/0!,#DIV/0!,,,,,WR,0.4568,-0.2489,0.7855,-0.5220,-0.0248,0.4922,-0.7470,0.9988,-0.4762,-0.4939,0.3735,#DIV/0!,0.3581,#DIV/0!,1.0000,#DIV/0!,#DIV/0!,#DIV/0!,#DIV/0!,#DIV/0!,,,,,QB,-0.4557,-0.8714,0.2526,0.9992,-0.4383,0.7424,0.9125,-0.9941,1.0000,-0.7155,#DIV/0!,#DIV/0!,-0.9989,#DIV/0!,#DIV/0!,1.0000,#DIV/0!,#DIV/0!,#DIV/0!,#DIV/0!,,,,,RB,1.0000,-1.0000,1.0000,1.0000,-1.0000,-1.0000,1.0000,#DIV/0!,#DIV/0!,#DIV/0!,#DIV/0!,-1.0000,#DIV/0!,#DIV/0!,#DIV/0!,#DIV/0!,1.0000,#DIV/0!,#DIV/0!,#DIV/0!,,,,,TE,-1.0000,-1.0000,1.0000,-1.0000,-1.0000,1.0000,1.0000,#DIV/0!,-1.0000,#DIV/0!,#DIV/0!,#DIV/0!,1.0000,#DIV/0!,#DIV/0!,#DIV/0!,#DIV/0!,1.0000,#DIV/0!,#DIV/0!,,,,,RB,#DIV/0!,#DIV/0!,#DIV/0!,#DIV/0!,#DIV/0!,#DIV/0!,#DIV/0!,#DIV/0!,#DIV/0!,#DIV/0!,#DIV/0!,#DIV/0!,#DIV/0!,#DIV/0!,#DIV/0!,#DIV/0!,#DIV/0!,#DIV/0!,#DIV/0!,#DIV/0!,,,,,RB,#DIV/0!,#DIV/0!,#DIV/0!,#DIV/0!,#DIV/0!,#DIV/0!,#DIV/0!,#DIV/0!,#DIV/0!,#DIV/0!,#DIV/0!,#DIV/0!,#DIV/0!,#DIV/0!,#DIV/0!,#DIV/0!,#DIV/0!,#DIV/0!,#DIV/0!,#DIV/0!,,,,,BREAK,,,,,,,,,,,,,,,,,,,,,,,,,RB,1.0000,-0.0749,-0.0391,0.1403,0.5846,0.1491,-0.2518,-0.0999,-0.6986,-0.0717,-0.6541,-0.6472,-0.0826,-1.0000,-1.0000,0.4210,-0.7282,,,,,,,,DEF,-0.0749,1.0000,0.3737,0.4324,-0.4059,0.6525,-0.2325,-0.3468,-0.5437,0.2653,0.0270,0.6165,-0.3999,-1.0000,-1.0000,0.3946,0.0000,,,,,,,,QB,-0.0391,0.3737,1.0000,0.2345,0.0144,0.0817,0.1241,0.4015,#DIV/0!,0.1108,0.3732,0.3486,-0.8315,#DIV/0!,-1.0000,-0.4439,1.0000,,,,,,,,K,0.1403,0.4324,0.2345,1.0000,-0.1760,0.2645,-0.1561,0.0412,-0.4422,0.3604,0.3299,0.2668,-0.7301,1.0000,-1.0000,0.5972,-0.6025,,,,,,,,RB,0.5846,-0.4059,0.0144,-0.1760,1.0000,-0.0164,-0.1019,-0.2084,0.1765,-0.1802,-0.1982,-0.4501,-0.0168,1.0000,-1.0000,0.1630,-0.9110,,,,,,,,WR,0.1491,0.6525,0.0817,0.2645,-0.0164,1.0000,-0.4926,-0.3023,-0.4537,-0.1719,-0.5971,0.8834,-0.3872,-1.0000,#DIV/0!,0.5743,#DIV/0!,,,,,,,,WR,-0.2518,-0.2325,0.1241,-0.1561,-0.1019,-0.4926,1.0000,0.0559,1.0000,-0.1259,-0.0645,-0.1957,-0.0187,1.0000,1.0000,-0.3665,0.5525,,,,,,,,TE,-0.0999,-0.3468,0.4015,0.0412,-0.2084,-0.3023,0.0559,1.0000,0.8184,0.1364,0.2839,0.0592,0.1775,-1.0000,-1.0000,-0.3672,-0.5873,,,,,,,,QB,-0.6986,-0.5437,#DIV/0!,-0.4422,0.1765,-0.4537,1.0000,0.8184,1.0000,0.6473,0.7778,-0.4182,0.4415,#DIV/0!,#DIV/0!,-1.0000,#DIV/0!,,,,,,,,WR,-0.0717,0.2653,0.1108,0.3604,-0.1802,-0.1719,-0.1259,0.1364,0.6473,1.0000,0.4013,0.3651,0.0163,-1.0000,1.0000,-0.0863,-0.0703,,,,,,,,WR,-0.6541,0.0270,0.3732,0.3299,-0.1982,-0.5971,-0.0645,0.2839,0.7778,0.4013,1.0000,0.6534,0.0148,#DIV/0!,#DIV/0!,-0.5258,-0.4241,,,,,,,,RB,-0.6472,0.6165,0.3486,0.2668,-0.4501,0.8834,-0.1957,0.0592,-0.4182,0.3651,0.6534,1.0000,-0.6507,#DIV/0!,#DIV/0!,-0.9886,#DIV/0!,,,,,,,,RB,-0.0826,-0.3999,-0.8315,-0.7301,-0.0168,-0.3872,-0.0187,0.1775,0.4415,0.0163,0.0148,-0.6507,1.0000,-1.0000,#DIV/0!,0.0262,#DIV/0!,,,,,,,,QB,-1.0000,-1.0000,#DIV/0!,1.0000,1.0000,-1.0000,1.0000,-1.0000,#DIV/0!,-1.0000,#DIV/0!,#DIV/0!,-1.0000,1.0000,#DIV/0!,#DIV/0!,#DIV/0!,,,,,,,,TE,-1.0000,-1.0000,-1.0000,-1.0000,-1.0000,#DIV/0!,1.0000,-1.0000,#DIV/0!,1.0000,#DIV/0!,#DIV/0!,#DIV/0!,#DIV/0!,1.0000,#DIV/0!,#DIV/0!,,,,,,,,TE,0.4210,0.3946,-0.4439,0.5972,0.1630,0.5743,-0.3665,-0.3672,-1.0000,-0.0863,-0.5258,-0.9886,0.0262,#DIV/0!,#DIV/0!,1.0000,-0.5000,,,,,,,,WR,-0.7282,0.0000,1.0000,-0.6025,-0.9110,#DIV/0!,0.5525,-0.5873,#DIV/0!,-0.0703,-0.4241,#DIV/0!,#DIV/0!,#DIV/0!,#DIV/0!,-0.5000,1.0000,,,,,,,,BREAK,,,,,,,,,,,,,,,,,,,,,,,,,QB,1.0000,-0.1058,-0.0062,0.1742,0.1810,-0.1985,0.6097,0.6414,0.3535,-0.3198,-0.5118,-0.2094,1.0000,#DIV/0!,-0.9254,#DIV/0!,-1.0000,,,,,,,,DEF,-0.1058,1.0000,0.1728,0.0366,0.3052,-0.1042,0.2295,0.0119,0.0791,0.7483,0.0018,0.8660,-1.0000,#DIV/0!,-0.1890,#DIV/0!,-1.0000,,,,,,,,RB,-0.0062,0.1728,1.0000,-0.2257,0.2171,-0.5591,0.3073,0.0964,0.0469,0.4171,0.5677,-1.0000,#DIV/0!,#DIV/0!,#DIV/0!,#DIV/0!,-1.0000,,,,,,,,TE,0.1742,0.0366,-0.2257,1.0000,0.4273,-0.3768,-0.0736,-0.2135,0.3222,0.0900,-0.3056,0.5000,-1.0000,#DIV/0!,0.8480,#DIV/0!,1.0000,,,,,,,,K,0.1810,0.3052,0.2171,0.4273,1.0000,-0.2575,0.4321,0.0335,0.2149,0.4987,-0.1448,0.5000,-1.0000,#DIV/0!,0.6934,#DIV/0!,-1.0000,,,,,,,,WR,-0.1985,-0.1042,-0.5591,-0.3768,-0.2575,1.0000,-0.1170,-0.1343,-0.4783,-0.3140,-0.1682,0.6547,1.0000,#DIV/0!,-0.2585,#DIV/0!,1.0000,,,,,,,,RB,0.6097,0.2295,0.3073,-0.0736,0.4321,-0.1170,1.0000,0.4916,0.0110,0.7737,-0.6447,-0.5792,1.0000,#DIV/0!,-0.3986,#DIV/0!,1.0000,,,,,,,,WR,0.6414,0.0119,0.0964,-0.2135,0.0335,-0.1343,0.4916,1.0000,0.1833,-0.2468,-0.3428,0.9267,1.0000,#DIV/0!,-0.9995,#DIV/0!,-1.0000,,,,,,,,WR,0.3535,0.0791,0.0469,0.3222,0.2149,-0.4783,0.0110,0.1833,1.0000,-0.3884,-0.0665,0.7141,-1.0000,#DIV/0!,0.2414,#DIV/0!,-1.0000,,,,,,,,RB,-0.3198,0.7483,0.4171,0.0900,0.4987,-0.3140,0.7737,-0.2468,-0.3884,1.0000,#DIV/0!,#DIV/0!,#DIV/0!,#DIV/0!,#DIV/0!,#DIV/0!,#DIV/0!,,,,,,,,WR,-0.5118,0.0018,0.5677,-0.3056,-0.1448,-0.1682,-0.6447,-0.3428,-0.0665,#DIV/0!,1.0000,#DIV/0!,#DIV/0!,#DIV/0!,#DIV/0!,#DIV/0!,-1.0000,,,,,,,,RB,-0.2094,0.8660,-1.0000,0.5000,0.5000,0.6547,-0.5792,0.9267,0.7141,#DIV/0!,#DIV/0!,1.0000,#DIV/0!,#DIV/0!,#DIV/0!,#DIV/0!,#DIV/0!,,,,,,,,RB,1.0000,-1.0000,#DIV/0!,-1.0000,-1.0000,1.0000,1.0000,1.0000,-1.0000,#DIV/0!,#DIV/0!,#DIV/0!,1.0000,#DIV/0!,#DIV/0!,#DIV/0!,#DIV/0!,,,,,,,,WR,#DIV/0!,#DIV/0!,#DIV/0!,#DIV/0!,#DIV/0!,#DIV/0!,#DIV/0!,#DIV/0!,#DIV/0!,#DIV/0!,#DIV/0!,#DIV/0!,#DIV/0!,#DIV/0!,#DIV/0!,#DIV/0!,#DIV/0!,,,,,,,,QB,-0.9254,-0.1890,#DIV/0!,0.8480,0.6934,-0.2585,-0.3986,-0.9995,0.2414,#DIV/0!,#DIV/0!,#DIV/0!,#DIV/0!,#DIV/0!,1.0000,#DIV/0!,#DIV/0!,,,,,,,,WR,#DIV/0!,#DIV/0!,#DIV/0!,#DIV/0!,#DIV/0!,#DIV/0!,#DIV/0!,#DIV/0!,#DIV/0!,#DIV/0!,#DIV/0!,#DIV/0!,#DIV/0!,#DIV/0!,#DIV/0!,#DIV/0!,#DIV/0!,,,,,,,,TE,-1.0000,-1.0000,-1.0000,1.0000,-1.0000,1.0000,1.0000,-1.0000,-1.0000,#DIV/0!,-1.0000,#DIV/0!,#DIV/0!,#DIV/0!,#DIV/0!,#DIV/0!,1.0000,,,,,,,,BREAK,,,,,,,,,,,,,,,,,,,,,,,,,RB,1.0000,-0.3341,-0.0584,-0.4396,0.6150,0.1371,0.3825,-0.2844,0.1768,0.2932,-0.2207,0.9714,0.9716,#DIV/0!,#DIV/0!,#DIV/0!,,,,,,,,,WR,-0.3341,1.0000,-0.4443,0.3369,-0.2007,-0.2976,-0.2423,0.2818,-0.1351,-0.2018,0.3857,-0.4536,-0.1345,#DIV/0!,#DIV/0!,#DIV/0!,,,,,,,,,WR,-0.0584,-0.4443,1.0000,0.1285,0.3110,-0.3361,-0.0243,-0.3721,-0.0522,-0.0079,-0.9390,-0.4078,-0.9563,#DIV/0!,#DIV/0!,#DIV/0!,,,,,,,,,QB,-0.4396,0.3369,0.1285,1.0000,-0.9278,-0.1065,-0.3739,0.1893,-0.0024,-0.0859,1.0000,#DIV/0!,1.0000,#DIV/0!,#DIV/0!,#DIV/0!,,,,,,,,,QB,0.6150,-0.2007,0.3110,-0.9278,1.0000,-0.2379,0.5771,-0.2364,0.7966,0.7870,0.7731,1.0000,-1.0000,#DIV/0!,#DIV/0!,#DIV/0!,,,,,,,,,DEF,0.1371,-0.2976,-0.3361,-0.1065,-0.2379,1.0000,0.3682,-0.0693,0.0204,0.1435,0.0596,#DIV/0!,-0.2250,#DIV/0!,#DIV/0!,#DIV/0!,,,,,,,,,K,0.3825,-0.2423,-0.0243,-0.3739,0.5771,0.3682,1.0000,-0.2180,0.4065,0.3447,-0.4065,0.9449,-0.8992,#DIV/0!,#DIV/0!,#DIV/0!,,,,,,,,,TE,-0.2844,0.2818,-0.3721,0.1893,-0.2364,-0.0693,-0.2180,1.0000,-0.1830,-0.1485,0.6619,0.0214,-0.5972,#DIV/0!,#DIV/0!,#DIV/0!,,,,,,,,,RB,0.1768,-0.1351,-0.0522,-0.0024,0.7966,0.0204,0.4065,-0.1830,1.0000,0.9354,0.5512,0.9955,-1.0000,#DIV/0!,#DIV/0!,#DIV/0!,,,,,,,,,WR,0.2932,-0.2018,-0.0079,-0.0859,0.7870,0.1435,0.3447,-0.1485,0.9354,1.0000,0.3257,0.9986,#DIV/0!,#DIV/0!,#DIV/0!,#DIV/0!,,,,,,,,,RB,-0.2207,0.3857,-0.9390,1.0000,0.7731,0.0596,-0.4065,0.6619,0.5512,0.3257,1.0000,#DIV/0!,#DIV/0!,#DIV/0!,#DIV/0!,#DIV/0!,,,,,,,,,TE,0.9714,-0.4536,-0.4078,#DIV/0!,1.0000,#DIV/0!,0.9449,0.0214,0.9955,0.9986,#DIV/0!,1.0000,#DIV/0!,#DIV/0!,#DIV/0!,#DIV/0!,,,,,,,,,WR,0.9716,-0.1345,-0.9563,1.0000,-1.0000,-0.2250,-0.8992,-0.5972,-1.0000,#DIV/0!,#DIV/0!,#DIV/0!,1.0000,#DIV/0!,#DIV/0!,#DIV/0!,,,,,,,,,WR,#DIV/0!,#DIV/0!,#DIV/0!,#DIV/0!,#DIV/0!,#DIV/0!,#DIV/0!,#DIV/0!,#DIV/0!,#DIV/0!,#DIV/0!,#DIV/0!,#DIV/0!,#DIV/0!,#DIV/0!,#DIV/0!,,,,,,,,,TE,#DIV/0!,#DIV/0!,#DIV/0!,#DIV/0!,#DIV/0!,#DIV/0!,#DIV/0!,#DIV/0!,#DIV/0!,#DIV/0!,#DIV/0!,#DIV/0!,#DIV/0!,#DIV/0!,#DIV/0!,#DIV/0!,,,,,,,,,WR,#DIV/0!,#DIV/0!,#DIV/0!,#DIV/0!,#DIV/0!,#DIV/0!,#DIV/0!,#DIV/0!,#DIV/0!,#DIV/0!,#DIV/0!,#DIV/0!,#DIV/0!,#DIV/0!,#DIV/0!,#DIV/0!,,,,,,,,,BREAK,,,,,,,,,,,,,,,,,,,,,,,,,QB,1.0000,0.4095,-0.1901,0.6913,0.1411,0.0672,0.0434,0.4555,0.1078,0.0433,0.0057,-0.5675,0.7026,-1.0000,-1.0000,#DIV/0!,-1.0000,,,,,,,,WR,0.4095,1.0000,-0.1793,0.0682,-0.1867,0.0715,-0.3905,-0.0571,-0.1687,0.0776,0.1489,-0.6338,0.1778,-1.0000,-1.0000,#DIV/0!,1.0000,,,,,,,,RB,-0.1901,-0.1793,1.0000,-0.1783,-0.1815,0.0810,0.0271,-0.1340,0.3596,-0.1557,-0.6028,-0.5874,-0.2348,-1.0000,-1.0000,#DIV/0!,1.0000,,,,,,,,WR,0.6913,0.0682,-0.1783,1.0000,0.3324,-0.1568,0.1073,0.1407,-0.0234,-0.0860,0.1121,-0.4619,0.6689,1.0000,1.0000,#DIV/0!,-1.0000,,,,,,,,DEF,0.1411,-0.1867,-0.1815,0.3324,1.0000,-0.0892,0.3227,0.2281,0.5367,-0.5349,0.2872,0.7210,0.3769,1.0000,1.0000,#DIV/0!,-1.0000,,,,,,,,RB,0.0672,0.0715,0.0810,-0.1568,-0.0892,1.0000,0.0740,0.0828,0.0917,-0.4893,0.3470,-0.2813,0.2300,-1.0000,-1.0000,#DIV/0!,1.0000,,,,,,,,K,0.0434,-0.3905,0.0271,0.1073,0.3227,0.0740,1.0000,0.4932,0.2054,-0.1695,0.2693,0.6602,-0.1025,1.0000,1.0000,#DIV/0!,1.0000,,,,,,,,TE,0.4555,-0.0571,-0.1340,0.1407,0.2281,0.0828,0.4932,1.0000,0.2801,-0.0590,-0.3171,0.1147,-0.2519,-1.0000,-1.0000,#DIV/0!,-1.0000,,,,,,,,WR,0.1078,-0.1687,0.3596,-0.0234,0.5367,0.0917,0.2054,0.2801,1.0000,-0.5195,-0.2308,0.8167,-0.0382,-1.0000,-1.0000,#DIV/0!,1.0000,,,,,,,,TE,0.0433,0.0776,-0.1557,-0.0860,-0.5349,-0.4893,-0.1695,-0.0590,-0.5195,1.0000,-0.5470,-0.6211,-0.2853,1.0000,1.0000,#DIV/0!,-1.0000,,,,,,,,WR,0.0057,0.1489,-0.6028,0.1121,0.2872,0.3470,0.2693,-0.3171,-0.2308,-0.5470,1.0000,-0.2004,1.0000,#DIV/0!,#DIV/0!,#DIV/0!,#DIV/0!,,,,,,,,QB,-0.5675,-0.6338,-0.5874,-0.4619,0.7210,-0.2813,0.6602,0.1147,0.8167,-0.6211,-0.2004,1.0000,#DIV/0!,#DIV/0!,#DIV/0!,#DIV/0!,#DIV/0!,,,,,,,,WR,0.7026,0.1778,-0.2348,0.6689,0.3769,0.2300,-0.1025,-0.2519,-0.0382,-0.2853,1.0000,#DIV/0!,1.0000,#DIV/0!,#DIV/0!,#DIV/0!,1.0000,,,,,,,,QB,-1.0000,-1.0000,-1.0000,1.0000,1.0000,-1.0000,1.0000,-1.0000,-1.0000,1.0000,#DIV/0!,#DIV/0!,#DIV/0!,1.0000,1.0000,#DIV/0!,#DIV/0!,,,,,,,,RB,-1.0000,-1.0000,-1.0000,1.0000,1.0000,-1.0000,1.0000,-1.0000,-1.0000,1.0000,#DIV/0!,#DIV/0!,#DIV/0!,1.0000,1.0000,#DIV/0!,#DIV/0!,,,,,,,,TE,#DIV/0!,#DIV/0!,#DIV/0!,#DIV/0!,#DIV/0!,#DIV/0!,#DIV/0!,#DIV/0!,#DIV/0!,#DIV/0!,#DIV/0!,#DIV/0!,#DIV/0!,#DIV/0!,#DIV/0!,#DIV/0!,#DIV/0!,,,,,,,,WR,-1.0000,1.0000,1.0000,-1.0000,-1.0000,1.0000,1.0000,-1.0000,1.0000,-1.0000,#DIV/0!,#DIV/0!,1.0000,#DIV/0!,#DIV/0!,#DIV/0!,1.0000,,,,,,,,BREAK,,,,,,,,,,,,,,,,,,,,,,,,,WR,1.0000,0.0502,-0.0820,-0.0025,-0.1845,0.5885,-0.1043,-0.1475,0.2708,-0.2127,-0.0202,0.9974,-0.4010,0.4157,#DIV/0!,-0.8627,-1.0000,-0.1026,-1.0000,,,,,,TE,0.0502,1.0000,0.3737,-0.1160,-0.0998,0.1151,0.0272,-0.5059,-0.2577,-0.0368,0.8705,-1.0000,0.0773,0.2101,-1.0000,-0.3055,#DIV/0!,0.7701,-1.0000,,,,,,QB,-0.0820,0.3737,1.0000,0.3579,0.2199,-1.0000,0.1391,0.3245,0.6171,0.2361,#DIV/0!,-0.1040,-0.2846,0.7598,#DIV/0!,#DIV/0!,1.0000,#DIV/0!,1.0000,,,,,,DEF,-0.0025,-0.1160,0.3579,1.0000,0.5571,-0.0717,0.0105,0.3347,0.3649,0.0406,-0.8881,0.3681,-0.3004,0.0690,-1.0000,-0.7592,1.0000,-0.1315,-1.0000,,,,,,K,-0.1845,-0.0998,0.2199,0.5571,1.0000,-0.1287,-0.1130,0.2752,0.3199,-0.0873,-0.9687,0.9954,-0.3420,0.1238,1.0000,-0.5753,-1.0000,-0.5785,-1.0000,,,,,,QB,0.5885,0.1151,-1.0000,-0.0717,-0.1287,1.0000,0.3297,-0.2192,0.6577,-0.7277,#DIV/0!,#DIV/0!,-0.9994,-0.8716,1.0000,0.2722,#DIV/0!,-1.0000,#DIV/0!,,,,,,RB,-0.1043,0.0272,0.1391,0.0105,-0.1130,0.3297,1.0000,0.0609,-0.2317,-0.0977,0.8633,0.6385,-0.1489,-0.0957,1.0000,0.4129,-1.0000,0.0465,-1.0000,,,,,,WR,-0.1475,-0.5059,0.3245,0.3347,0.2752,-0.2192,0.0609,1.0000,0.3168,0.5676,-0.9769,0.5220,-0.5317,0.1606,1.0000,-0.0151,1.0000,-0.9968,1.0000,,,,,,RB,0.2708,-0.2577,0.6171,0.3649,0.3199,0.6577,-0.2317,0.3168,1.0000,-0.2316,-0.9416,#DIV/0!,-0.4096,-0.3166,#DIV/0!,-0.0499,#DIV/0!,-0.4844,-1.0000,,,,,,WR,-0.2127,-0.0368,0.2361,0.0406,-0.0873,-0.7277,-0.0977,0.5676,-0.2316,1.0000,0.4597,#DIV/0!,-0.1229,0.3253,-1.0000,-0.5755,#DIV/0!,0.4141,1.0000,,,,,,QB,-0.0202,0.8705,#DIV/0!,-0.8881,-0.9687,#DIV/0!,0.8633,-0.9769,-0.9416,0.4597,1.0000,#DIV/0!,#DIV/0!,#DIV/0!,#DIV/0!,0.2278,#DIV/0!,0.9666,#DIV/0!,,,,,,RB,0.9974,-1.0000,-0.1040,0.3681,0.9954,#DIV/0!,0.6385,0.5220,#DIV/0!,#DIV/0!,#DIV/0!,1.0000,-1.0000,0.9393,#DIV/0!,#DIV/0!,-1.0000,#DIV/0!,#DIV/0!,,,,,,RB,-0.4010,0.0773,-0.2846,-0.3004,-0.3420,-0.9994,-0.1489,-0.5317,-0.4096,-0.1229,#DIV/0!,-1.0000,1.0000,-0.5332,#DIV/0!,#DIV/0!,#DIV/0!,#DIV/0!,-1.0000,,,,,,TE,0.4157,0.2101,0.7598,0.0690,0.1238,-0.8716,-0.0957,0.1606,-0.3166,0.3253,#DIV/0!,0.9393,-0.5332,1.0000,#DIV/0!,0.6197,-1.0000,-0.5792,1.0000,,,,,,RB,#DIV/0!,-1.0000,#DIV/0!,-1.0000,1.0000,1.0000,1.0000,1.0000,#DIV/0!,-1.0000,#DIV/0!,#DIV/0!,#DIV/0!,#DIV/0!,1.0000,-1.0000,#DIV/0!,#DIV/0!,#DIV/0!,,,,,,WR,-0.8627,-0.3055,#DIV/0!,-0.7592,-0.5753,0.2722,0.4129,-0.0151,-0.0499,-0.5755,0.2278,#DIV/0!,#DIV/0!,0.6197,-1.0000,1.0000,#DIV/0!,-0.1045,#DIV/0!,,,,,,WR,-1.0000,#DIV/0!,1.0000,1.0000,-1.0000,#DIV/0!,-1.0000,1.0000,#DIV/0!,#DIV/0!,#DIV/0!,-1.0000,#DIV/0!,-1.0000,#DIV/0!,#DIV/0!,1.0000,#DIV/0!,#DIV/0!,,,,,,RB,-0.1026,0.7701,#DIV/0!,-0.1315,-0.5785,-1.0000,0.0465,-0.9968,-0.4844,0.4141,0.9666,#DIV/0!,#DIV/0!,-0.5792,#DIV/0!,-0.1045,#DIV/0!,1.0000,#DIV/0!,,,,,,WR,-1.0000,-1.0000,1.0000,-1.0000,-1.0000,#DIV/0!,-1.0000,1.0000,-1.0000,1.0000,#DIV/0!,#DIV/0!,-1.0000,1.0000,#DIV/0!,#DIV/0!,#DIV/0!,#DIV/0!,1.0000,,,,,,BREAK,,,,,,,,,,,,,,,,,,,,,,,,,QB,1.0000,-0.1691,0.5908,0.5366,-0.1139,0.2644,0.5792,0.5086,-0.7043,0.2579,0.4781,#DIV/0!,-0.5711,0.1735,-0.1577,-0.1148,#DIV/0!,,,,,,,,RB,-0.1691,1.0000,-0.0486,-0.3009,-0.1822,-0.0192,-0.1129,-0.3447,0.9663,0.3051,-0.1589,-1.0000,0.7013,0.2205,-0.6265,-0.6952,#DIV/0!,,,,,,,,WR,0.5908,-0.0486,1.0000,-0.0375,-0.4688,0.3335,0.3418,-0.0037,-0.2215,0.0054,-0.0695,1.0000,-0.3623,-0.3278,0.3754,-0.0776,#DIV/0!,,,,,,,,TE,0.5366,-0.3009,-0.0375,1.0000,0.4096,0.4083,-0.0458,0.3711,-0.5935,-0.0630,0.6646,1.0000,0.1610,0.3860,-0.1985,-0.1528,#DIV/0!,,,,,,,,DEF,-0.1139,-0.1822,-0.4688,0.4096,1.0000,0.1680,-0.2174,-0.2072,-0.5426,-0.2152,0.5746,1.0000,0.4059,0.1234,-0.2614,0.1336,#DIV/0!,,,,,,,,K,0.2644,-0.0192,0.3335,0.4083,0.1680,1.0000,0.0404,-0.0603,-0.7601,-0.1465,0.6105,1.0000,-0.1398,-0.0660,-0.2695,-0.1651,#DIV/0!,,,,,,,,WR,0.5792,-0.1129,0.3418,-0.0458,-0.2174,0.0404,1.0000,0.4952,0.1548,-0.0525,-0.5094,1.0000,-0.4421,-0.3073,0.6413,-0.3888,#DIV/0!,,,,,,,,WR,0.5086,-0.3447,-0.0037,0.3711,-0.2072,-0.0603,0.4952,1.0000,0.2263,-0.3730,-0.4317,-1.0000,-0.1847,0.0887,0.5472,-0.0480,#DIV/0!,,,,,,,,RB,-0.7043,0.9663,-0.2215,-0.5935,-0.5426,-0.7601,0.1548,0.2263,1.0000,1.0000,0.9991,#DIV/0!,1.0000,-0.7967,0.1899,-0.8960,#DIV/0!,,,,,,,,TE,0.2579,0.3051,0.0054,-0.0630,-0.2152,-0.1465,-0.0525,-0.3730,1.0000,1.0000,-0.1427,1.0000,-0.0910,0.9774,-0.6905,-0.5160,#DIV/0!,,,,,,,,WR,0.4781,-0.1589,-0.0695,0.6646,0.5746,0.6105,-0.5094,-0.4317,0.9991,-0.1427,1.0000,1.0000,-0.7967,-0.1130,-0.3363,0.4081,#DIV/0!,,,,,,,,QB,#DIV/0!,-1.0000,1.0000,1.0000,1.0000,1.0000,1.0000,-1.0000,#DIV/0!,1.0000,1.0000,1.0000,#DIV/0!,#DIV/0!,#DIV/0!,#DIV/0!,#DIV/0!,,,,,,,,RB,-0.5711,0.7013,-0.3623,0.1610,0.4059,-0.1398,-0.4421,-0.1847,1.0000,-0.0910,-0.7967,#DIV/0!,1.0000,0.4666,-1.0000,-0.6168,#DIV/0!,,,,,,,,WR,0.1735,0.2205,-0.3278,0.3860,0.1234,-0.0660,-0.3073,0.0887,-0.7967,0.9774,-0.1130,#DIV/0!,0.4666,1.0000,-0.6157,0.4845,#DIV/0!,,,,,,,,RB,-0.1577,-0.6265,0.3754,-0.1985,-0.2614,-0.2695,0.6413,0.5472,0.1899,-0.6905,-0.3363,#DIV/0!,-1.0000,-0.6157,1.0000,1.0000,#DIV/0!,,,,,,,,TE,-0.1148,-0.6952,-0.0776,-0.1528,0.1336,-0.1651,-0.3888,-0.0480,-0.8960,-0.5160,0.4081,#DIV/0!,-0.6168,0.4845,1.0000,1.0000,#DIV/0!,,,,,,,,RB,#DIV/0!,#DIV/0!,#DIV/0!,#DIV/0!,#DIV/0!,#DIV/0!,#DIV/0!,#DIV/0!,#DIV/0!,#DIV/0!,#DIV/0!,#DIV/0!,#DIV/0!,#DIV/0!,#DIV/0!,#DIV/0!,#DIV/0!,,,,,,,,BREAK,,,,,,,,,,,,,,,,,,,,,,,,,QB,1.0000,-0.3821,0.5289,0.3465,0.6574,0.2929,0.3581,-0.1901,-0.1163,0.0090,0.0672,-0.5116,0.2615,0.2547,-1.0000,1.0000,0.2716,,,,,,,,RB,-0.3821,1.0000,-0.3634,-0.2129,-0.0582,-0.0762,-0.1955,0.5928,-0.2043,-0.4801,-0.3517,0.8104,-0.4417,-0.2571,-1.0000,-1.0000,-0.0414,,,,,,,,WR,0.5289,-0.3634,1.0000,-0.1212,0.1683,-0.2360,0.1095,-0.1230,-0.0177,-0.2066,-0.1356,0.0400,0.2959,0.4510,1.0000,1.0000,0.3554,,,,,,,,WR,0.3465,-0.2129,-0.1212,1.0000,0.0973,0.1919,-0.1881,-0.4222,0.3043,-0.3294,0.0314,-0.4948,-0.1277,-0.0614,-1.0000,1.0000,-0.3461,,,,,,,,TE,0.6574,-0.0582,0.1683,0.0973,1.0000,0.1212,-0.2117,-0.0914,-0.4121,0.0012,0.0200,0.0496,-0.8342,-0.1053,-1.0000,#DIV/0!,-1.0000,,,,,,,,K,0.2929,-0.0762,-0.2360,0.1919,0.1212,1.0000,0.4440,0.0979,0.0291,-0.0703,0.2795,-0.0386,0.0855,0.3118,#DIV/0!,1.0000,0.5000,,,,,,,,WR,0.3581,-0.1955,0.1095,-0.1881,-0.2117,0.4440,1.0000,0.1588,-0.1958,0.4121,0.4216,-0.4782,0.5701,0.0753,#DIV/0!,1.0000,0.8091,,,,,,,,DEF,-0.1901,0.5928,-0.1230,-0.4222,-0.0914,0.0979,0.1588,1.0000,-0.1611,-0.1990,-0.4918,0.4988,0.5565,-0.3685,-1.0000,1.0000,0.7370,,,,,,,,RB,-0.1163,-0.2043,-0.0177,0.3043,-0.4121,0.0291,-0.1958,-0.1611,1.0000,-0.2572,-0.0079,-0.1453,0.3398,0.0089,1.0000,1.0000,1.0000,,,,,,,,WR,0.0090,-0.4801,-0.2066,-0.3294,0.0012,-0.0703,0.4121,-0.1990,-0.2572,1.0000,0.0490,-0.3527,0.2439,0.6464,1.0000,#DIV/0!,#DIV/0!,,,,,,,,RB,0.0672,-0.3517,-0.1356,0.0314,0.0200,0.2795,0.4216,-0.4918,-0.0079,0.0490,1.0000,-0.5001,-1.0000,-0.4526,-1.0000,#DIV/0!,#DIV/0!,,,,,,,,TE,-0.5116,0.8104,0.0400,-0.4948,0.0496,-0.0386,-0.4782,0.4988,-0.1453,-0.3527,-0.5001,1.0000,-0.7833,0.0167,#DIV/0!,-1.0000,-0.4364,,,,,,,,TE,0.2615,-0.4417,0.2959,-0.1277,-0.8342,0.0855,0.5701,0.5565,0.3398,0.2439,-1.0000,-0.7833,1.0000,-0.3254,#DIV/0!,1.0000,1.0000,,,,,,,,TE,0.2547,-0.2571,0.4510,-0.0614,-0.1053,0.3118,0.0753,-0.3685,0.0089,0.6464,-0.4526,0.0167,-0.3254,1.0000,1.0000,-1.0000,-1.0000,,,,,,,,QB,-1.0000,-1.0000,1.0000,-1.0000,-1.0000,#DIV/0!,#DIV/0!,-1.0000,1.0000,1.0000,-1.0000,#DIV/0!,#DIV/0!,1.0000,1.0000,#DIV/0!,#DIV/0!,,,,,,,,RB,1.0000,-1.0000,1.0000,1.0000,#DIV/0!,1.0000,1.0000,1.0000,1.0000,#DIV/0!,#DIV/0!,-1.0000,1.0000,-1.0000,#DIV/0!,1.0000,1.0000,,,,,,,,WR,0.2716,-0.0414,0.3554,-0.3461,-1.0000,0.5000,0.8091,0.7370,1.0000,#DIV/0!,#DIV/0!,-0.4364,1.0000,-1.0000,#DIV/0!,1.0000,1.0000,,,,,,,,BREAK,,,,,,,,,,,,,,,,,,,,,,,,,QB,1.0000,0.5925,0.2762,-0.0815,-0.2852,0.4018,0.1551,0.5185,0.0174,0.4730,-0.0932,-0.5105,-0.2293,-0.9280,-0.4283,0.9689,#DIV/0!,#DIV/0!,,,,,,,WR,0.5925,1.0000,-0.3550,-0.0834,-0.5331,-0.0039,-0.6779,0.2105,0.2129,0.1098,-0.3997,-0.4038,0.2988,0.2004,1.0000,0.9393,#DIV/0!,#DIV/0!,,,,,,,RB,0.2762,-0.3550,1.0000,0.0123,0.5888,0.6021,0.3895,0.1760,-0.5542,0.0352,0.8662,-0.4710,-0.9582,-0.9496,0.2635,1.0000,#DIV/0!,#DIV/0!,,,,,,,RB,-0.0815,-0.0834,0.0123,1.0000,0.2128,0.1208,-0.2509,-0.2492,-0.8262,-0.3510,-0.3576,0.5160,0.6779,-0.7675,0.8913,0.4202,#DIV/0!,#DIV/0!,,,,,,,DEF,-0.2852,-0.5331,0.5888,0.2128,1.0000,0.3127,0.0392,-0.1719,-0.3461,-0.4941,0.8782,-0.1339,-0.4265,-0.5062,0.4663,0.1034,#DIV/0!,#DIV/0!,,,,,,,K,0.4018,-0.0039,0.6021,0.1208,0.3127,1.0000,0.1279,0.2403,-0.2699,0.3131,-0.1731,-0.2641,-0.4496,-0.5468,0.3920,0.9551,#DIV/0!,#DIV/0!,,,,,,,TE,0.1551,-0.6779,0.3895,-0.2509,0.0392,0.1279,1.0000,0.2658,-0.1065,0.6279,-0.3862,0.1168,-0.6957,-1.0000,-1.0000,-1.0000,#DIV/0!,#DIV/0!,,,,,,,WR,0.5185,0.2105,0.1760,-0.2492,-0.1719,0.2403,0.2658,1.0000,0.3040,-0.0332,0.0409,-0.2419,-0.2786,0.9698,-0.8008,0.9941,#DIV/0!,#DIV/0!,,,,,,,TE,0.0174,0.2129,-0.5542,-0.8262,-0.3461,-0.2699,-0.1065,0.3040,1.0000,0.4018,-1.0000,-0.3521,-0.3397,0.8675,-0.6408,-1.0000,#DIV/0!,#DIV/0!,,,,,,,WR,0.4730,0.1098,0.0352,-0.3510,-0.4941,0.3131,0.6279,-0.0332,0.4018,1.0000,0.2544,-0.3253,#DIV/0!,1.0000,#DIV/0!,-0.9996,#DIV/0!,#DIV/0!,,,,,,,WR,-0.0932,-0.3997,0.8662,-0.3576,0.8782,-0.1731,-0.3862,0.0409,-1.0000,0.2544,1.0000,-0.0913,#DIV/0!,#DIV/0!,#DIV/0!,1.0000,#DIV/0!,#DIV/0!,,,,,,,RB,-0.5105,-0.4038,-0.4710,0.5160,-0.1339,-0.2641,0.1168,-0.2419,-0.3521,-0.3253,-0.0913,1.0000,0.1442,-1.0000,#DIV/0!,-0.3146,#DIV/0!,#DIV/0!,,,,,,,WR,-0.2293,0.2988,-0.9582,0.6779,-0.4265,-0.4496,-0.6957,-0.2786,-0.3397,#DIV/0!,#DIV/0!,0.1442,1.0000,-0.0135,1.0000,#DIV/0!,#DIV/0!,#DIV/0!,,,,,,,TE,-0.9280,0.2004,-0.9496,-0.7675,-0.5062,-0.5468,-1.0000,0.9698,0.8675,1.0000,#DIV/0!,-1.0000,-0.0135,1.0000,-1.0000,#DIV/0!,#DIV/0!,#DIV/0!,,,,,,,WR,-0.4283,1.0000,0.2635,0.8913,0.4663,0.3920,-1.0000,-0.8008,-0.6408,#DIV/0!,#DIV/0!,#DIV/0!,1.0000,-1.0000,1.0000,#DIV/0!,#DIV/0!,#DIV/0!,,,,,,,TE,0.9689,0.9393,1.0000,0.4202,0.1034,0.9551,-1.0000,0.9941,-1.0000,-0.9996,1.0000,-0.3146,#DIV/0!,#DIV/0!,#DIV/0!,1.0000,#DIV/0!,#DIV/0!,,,,,,,RB,#DIV/0!,#DIV/0!,#DIV/0!,#DIV/0!,#DIV/0!,#DIV/0!,#DIV/0!,#DIV/0!,#DIV/0!,#DIV/0!,#DIV/0!,#DIV/0!,#DIV/0!,#DIV/0!,#DIV/0!,#DIV/0!,#DIV/0!,#DIV/0!,,,,,,,QB,#DIV/0!,#DIV/0!,#DIV/0!,#DIV/0!,#DIV/0!,#DIV/0!,#DIV/0!,#DIV/0!,#DIV/0!,#DIV/0!,#DIV/0!,#DIV/0!,#DIV/0!,#DIV/0!,#DIV/0!,#DIV/0!,#DIV/0!,#DIV/0!,,,,,,,BREAK,,,,,,,,,,,,,,,,,,,,,,,,,RB,1.0000,-0.1009,-0.7390,0.0997,-0.1886,-0.2466,0.3268,-0.0972,-0.3852,0.8371,-0.0261,0.3980,0.2048,-0.7625,0.9722,0.3264,0.1937,1.0000,-0.5288,,,,,,WR,-0.1009,1.0000,0.6433,0.3153,-0.2552,-0.1213,-0.0021,0.5037,0.5647,0.9453,0.6046,-0.0121,-0.9928,-0.6683,-0.3081,-0.4820,0.9668,1.0000,-0.3685,,,,,,QB,-0.7390,0.6433,1.0000,-0.2512,-0.1554,0.3430,0.6884,0.4561,0.7358,#DIV/0!,0.8386,-0.7877,#DIV/0!,#DIV/0!,-0.6659,0.7638,1.0000,#DIV/0!,-1.0000,,,,,,K,0.0997,0.3153,-0.2512,1.0000,0.1206,0.3975,-0.1590,0.3969,-0.6733,0.5181,-0.8029,0.1425,-0.3323,-0.5990,0.0563,-0.2211,0.7714,1.0000,-0.1569,,,,,,DEF,-0.1886,-0.2552,-0.1554,0.1206,1.0000,0.1814,-0.1970,-0.2662,-0.7399,-0.6555,-0.7896,-0.1457,0.0415,-0.5861,0.9886,-0.0570,0.7909,-1.0000,0.7438,,,,,,WR,-0.2466,-0.1213,0.3430,0.3975,0.1814,1.0000,0.4751,0.6140,0.0477,0.2909,-0.2630,-0.1841,0.0722,-0.5039,-0.0452,0.4640,0.6439,-1.0000,-0.5245,,,,,,WR,0.3268,-0.0021,0.6884,-0.1590,-0.1970,0.4751,1.0000,-0.0767,-1.0000,0.5222,1.0000,-0.3019,0.9135,0.3171,1.0000,0.4579,0.4736,-1.0000,-0.7622,,,,,,RB,-0.0972,0.5037,0.4561,0.3969,-0.2662,0.6140,-0.0767,1.0000,0.3825,0.7375,0.3746,-0.1211,0.7488,-0.5208,#DIV/0!,0.0162,0.6931,1.0000,-0.4067,,,,,,WR,-0.3852,0.5647,0.7358,-0.6733,-0.7399,0.0477,-1.0000,0.3825,1.0000,#DIV/0!,0.7992,-0.1830,#DIV/0!,#DIV/0!,-0.4997,0.9867,#DIV/0!,#DIV/0!,-1.0000,,,,,,QB,0.8371,0.9453,#DIV/0!,0.5181,-0.6555,0.2909,0.5222,0.7375,#DIV/0!,1.0000,#DIV/0!,0.7019,#DIV/0!,-0.9999,#DIV/0!,-0.2383,#DIV/0!,#DIV/0!,-0.9131,,,,,,TE,-0.0261,0.6046,0.8386,-0.8029,-0.7896,-0.2630,1.0000,0.3746,0.7992,#DIV/0!,1.0000,-0.9593,#DIV/0!,#DIV/0!,-0.6792,0.9863,#DIV/0!,#DIV/0!,-1.0000,,,,,,TE,0.3980,-0.0121,-0.7877,0.1425,-0.1457,-0.1841,-0.3019,-0.1211,-0.1830,0.7019,-0.9593,1.0000,-0.3812,-0.5848,1.0000,-0.3768,-0.5002,1.0000,-0.5024,,,,,,QB,0.2048,-0.9928,#DIV/0!,-0.3323,0.0415,0.0722,0.9135,0.7488,#DIV/0!,#DIV/0!,#DIV/0!,-0.3812,1.0000,0.6049,#DIV/0!,-0.3115,#DIV/0!,#DIV/0!,#DIV/0!,,,,,,TE,-0.7625,-0.6683,#DIV/0!,-0.5990,-0.5861,-0.5039,0.3171,-0.5208,#DIV/0!,-0.9999,#DIV/0!,-0.5848,0.6049,1.0000,#DIV/0!,0.1206,1.0000,#DIV/0!,0.3440,,,,,,RB,0.9722,-0.3081,-0.6659,0.0563,0.9886,-0.0452,1.0000,#DIV/0!,-0.4997,#DIV/0!,-0.6792,1.0000,#DIV/0!,#DIV/0!,1.0000,1.0000,#DIV/0!,#DIV/0!,1.0000,,,,,,RB,0.3264,-0.4820,0.7638,-0.2211,-0.0570,0.4640,0.4579,0.0162,0.9867,-0.2383,0.9863,-0.3768,-0.3115,0.1206,1.0000,1.0000,0.2173,#DIV/0!,0.3909,,,,,,WR,0.1937,0.9668,1.0000,0.7714,0.7909,0.6439,0.4736,0.6931,#DIV/0!,#DIV/0!,#DIV/0!,-0.5002,#DIV/0!,1.0000,#DIV/0!,0.2173,1.0000,-1.0000,-1.0000,,,,,,QB,1.0000,1.0000,#DIV/0!,1.0000,-1.0000,-1.0000,-1.0000,1.0000,#DIV/0!,#DIV/0!,#DIV/0!,1.0000,#DIV/0!,#DIV/0!,#DIV/0!,#DIV/0!,-1.0000,1.0000,#DIV/0!,,,,,,TE,-0.5288,-0.3685,-1.0000,-0.1569,0.7438,-0.5245,-0.7622,-0.4067,-1.0000,-0.9131,-1.0000,-0.5024,#DIV/0!,0.3440,1.0000,0.3909,-1.0000,#DIV/0!,1.0000,,,,,,BREAK,,,,,,,,,,,,,,,,,,,,,,,,,WR,1.0000,0.1119,0.6030,0.9008,-0.0628,0.0865,-0.4304,0.0352,0.1826,0.8712,0.3468,-0.3787,-0.0967,-1.0000,0.1993,1.0000,-0.0747,0.1127,#DIV/0!,1.0000,-1.0000,,,,RB,0.1119,1.0000,0.1091,0.1297,0.0361,0.1948,-0.0780,-0.0234,-0.0849,0.3355,0.0543,0.5094,-0.3332,#DIV/0!,-0.0871,#DIV/0!,0.0444,-0.5333,#DIV/0!,-1.0000,-1.0000,,,,QB,0.6030,0.1091,1.0000,1.0000,-0.1609,0.5522,0.1900,0.2661,0.6603,0.7264,0.0805,-0.6470,0.2078,-1.0000,0.0407,#DIV/0!,-0.1970,-0.5060,#DIV/0!,-1.0000,-1.0000,,,,QB,0.9008,0.1297,1.0000,1.0000,-0.2567,0.3038,-1.0000,-0.4015,0.0099,#DIV/0!,0.3471,0.1491,-0.0761,#DIV/0!,0.5501,#DIV/0!,0.2118,0.1868,#DIV/0!,#DIV/0!,#DIV/0!,,,,K,-0.0628,0.0361,-0.1609,-0.2567,1.0000,-0.2980,-0.0913,0.3882,0.1824,-0.0780,0.2019,-0.5856,-0.2902,-1.0000,0.1564,1.0000,-0.2005,0.7162,#DIV/0!,-1.0000,-1.0000,,,,WR,0.0865,0.1948,0.5522,0.3038,-0.2980,1.0000,-0.2940,-0.0635,0.0959,0.1186,0.1507,-0.3241,-0.3562,1.0000,0.8324,-1.0000,0.1441,0.1636,#DIV/0!,-1.0000,-1.0000,,,,RB,-0.4304,-0.0780,0.1900,-1.0000,-0.0913,-0.2940,1.0000,0.4186,0.0209,-0.0446,-0.7187,#DIV/0!,#DIV/0!,#DIV/0!,-0.8414,#DIV/0!,0.3744,-0.5468,#DIV/0!,1.0000,-1.0000,,,,TE,0.0352,-0.0234,0.2661,-0.4015,0.3882,-0.0635,0.4186,1.0000,0.4169,0.2016,0.5062,-0.9251,-0.5827,#DIV/0!,-0.3046,#DIV/0!,-0.4290,-0.3394,#DIV/0!,#DIV/0!,-1.0000,,,,DEF,0.1826,-0.0849,0.6603,0.0099,0.1824,0.0959,0.0209,0.4169,1.0000,0.7418,-0.2831,0.4551,-0.2159,1.0000,0.4243,-1.0000,0.1853,-0.0630,#DIV/0!,-1.0000,1.0000,,,,TE,0.8712,0.3355,0.7264,#DIV/0!,-0.0780,0.1186,-0.0446,0.2016,0.7418,1.0000,-0.2201,#DIV/0!,#DIV/0!,#DIV/0!,-1.0000,#DIV/0!,1.0000,#DIV/0!,#DIV/0!,1.0000,#DIV/0!,,,,WR,0.3468,0.0543,0.0805,0.3471,0.2019,0.1507,-0.7187,0.5062,-0.2831,-0.2201,1.0000,-0.2219,-0.2885,-1.0000,0.2835,1.0000,-0.1995,-0.6333,#DIV/0!,-1.0000,1.0000,,,,TE,-0.3787,0.5094,-0.6470,0.1491,-0.5856,-0.3241,#DIV/0!,-0.9251,0.4551,#DIV/0!,-0.2219,1.0000,-0.1179,-1.0000,0.7817,1.0000,0.6034,#DIV/0!,#DIV/0!,#DIV/0!,#DIV/0!,,,,RB,-0.0967,-0.3332,0.2078,-0.0761,-0.2902,-0.3562,#DIV/0!,-0.5827,-0.2159,#DIV/0!,-0.2885,-0.1179,1.0000,#DIV/0!,-0.1874,1.0000,0.1026,#DIV/0!,#DIV/0!,#DIV/0!,#DIV/0!,,,,RB,-1.0000,#DIV/0!,-1.0000,#DIV/0!,-1.0000,1.0000,#DIV/0!,#DIV/0!,1.0000,#DIV/0!,-1.0000,-1.0000,#DIV/0!,1.0000,#DIV/0!,#DIV/0!,1.0000,#DIV/0!,#DIV/0!,#DIV/0!,#DIV/0!,,,,WR,0.1993,-0.0871,0.0407,0.5501,0.1564,0.8324,-0.8414,-0.3046,0.4243,-1.0000,0.2835,0.7817,-0.1874,#DIV/0!,1.0000,#DIV/0!,0.4688,0.0053,#DIV/0!,-1.0000,1.0000,,,,RB,1.0000,#DIV/0!,#DIV/0!,#DIV/0!,1.0000,-1.0000,#DIV/0!,#DIV/0!,-1.0000,#DIV/0!,1.0000,1.0000,1.0000,#DIV/0!,#DIV/0!,1.0000,#DIV/0!,#DIV/0!,#DIV/0!,#DIV/0!,#DIV/0!,,,,RB,-0.0747,0.0444,-0.1970,0.2118,-0.2005,0.1441,0.3744,-0.4290,0.1853,1.0000,-0.1995,0.6034,0.1026,1.0000,0.4688,#DIV/0!,1.0000,-0.6267,#DIV/0!,#DIV/0!,-1.0000,,,,WR,0.1127,-0.5333,-0.5060,0.1868,0.7162,0.1636,-0.5468,-0.3394,-0.0630,#DIV/0!,-0.6333,#DIV/0!,#DIV/0!,#DIV/0!,0.0053,#DIV/0!,-0.6267,1.0000,#DIV/0!,#DIV/0!,#DIV/0!,,,,RB,#DIV/0!,#DIV/0!,#DIV/0!,#DIV/0!,#DIV/0!,#DIV/0!,#DIV/0!,#DIV/0!,#DIV/0!,#DIV/0!,#DIV/0!,#DIV/0!,#DIV/0!,#DIV/0!,#DIV/0!,#DIV/0!,#DIV/0!,#DIV/0!,#DIV/0!,#DIV/0!,#DIV/0!,,,,RB,1.0000,-1.0000,-1.0000,#DIV/0!,-1.0000,-1.0000,1.0000,#DIV/0!,-1.0000,1.0000,-1.0000,#DIV/0!,#DIV/0!,#DIV/0!,-1.0000,#DIV/0!,#DIV/0!,#DIV/0!,#DIV/0!,1.0000,#DIV/0!,,,,QB,-1.0000,-1.0000,-1.0000,#DIV/0!,-1.0000,-1.0000,-1.0000,-1.0000,1.0000,#DIV/0!,1.0000,#DIV/0!,#DIV/0!,#DIV/0!,1.0000,#DIV/0!,-1.0000,#DIV/0!,#DIV/0!,#DIV/0!,1.0000,,,,BREAK,,,,,,,,,,,,,,,,,,,,,,,,,QB,1.0000,-0.0681,-0.2953,-0.1638,-0.1045,0.1000,0.1547,0.0819,0.4541,-0.3337,-0.9835,0.9788,0.7063,0.4859,1.0000,#DIV/0!,#DIV/0!,0.9295,0.3706,1.0000,0.9594,0.6323,#DIV/0!,1.0000,#DIV/0!WR,-0.0681,1.0000,-0.0577,0.0055,-0.1409,-0.0424,-0.0580,-0.3256,-0.3601,-0.1739,0.2779,-0.7595,-0.4316,-0.2411,1.0000,#DIV/0!,#DIV/0!,0.8922,0.6253,-1.0000,-0.8441,-0.5805,#DIV/0!,1.0000,#DIV/0!K,-0.2953,-0.0577,1.0000,0.5134,0.6394,0.0343,0.1262,-0.1340,0.2372,0.2621,1.0000,-0.9931,-0.4947,0.4759,#DIV/0!,#DIV/0!,#DIV/0!,0.9820,0.5887,1.0000,1.0000,-0.4002,#DIV/0!,#DIV/0!,#DIV/0!RB,-0.1638,0.0055,0.5134,1.0000,0.3200,-0.2146,-0.1027,0.2966,-0.1530,-0.3379,-1.0000,-0.4163,-0.5140,-0.0682,1.0000,#DIV/0!,#DIV/0!,-0.8100,0.1943,1.0000,-0.9553,0.2293,#DIV/0!,1.0000,#DIV/0!DEF,-0.1045,-0.1409,0.6394,0.3200,1.0000,0.2577,0.1928,0.2861,0.3523,0.7122,0.9828,-0.8550,-0.4810,0.0949,1.0000,#DIV/0!,#DIV/0!,-0.9897,0.0230,1.0000,0.9959,-0.1850,#DIV/0!,1.0000,#DIV/0!RB,0.1000,-0.0424,0.0343,-0.2146,0.2577,1.0000,-0.2486,0.7760,-0.1476,0.7797,#DIV/0!,-0.2905,0.3141,-0.6142,1.0000,#DIV/0!,#DIV/0!,0.5852,0.9042,#DIV/0!,0.8976,-0.8459,#DIV/0!,1.0000,#DIV/0!TE,0.1547,-0.0580,0.1262,-0.1027,0.1928,-0.2486,1.0000,-0.0106,0.1038,-0.8993,0.3724,0.6661,-0.1595,0.1829,-1.0000,#DIV/0!,#DIV/0!,0.5128,-0.4609,1.0000,0.9220,0.5461,#DIV/0!,-1.0000,#DIV/0!WR,0.0819,-0.3256,-0.1340,0.2966,0.2861,0.7760,-0.0106,1.0000,-0.2306,#DIV/0!,-0.9461,#DIV/0!,#DIV/0!,-0.4408,#DIV/0!,#DIV/0!,#DIV/0!,#DIV/0!,#DIV/0!,1.0000,#DIV/0!,#DIV/0!,#DIV/0!,#DIV/0!,#DIV/0!WR,0.4541,-0.3601,0.2372,-0.1530,0.3523,-0.1476,0.1038,-0.2306,1.0000,0.6374,0.2192,#DIV/0!,0.3106,0.7739,1.0000,#DIV/0!,#DIV/0!,#DIV/0!,-0.4389,1.0000,1.0000,-1.0000,#DIV/0!,1.0000,#DIV/0!WR,-0.3337,-0.1739,0.2621,-0.3379,0.7122,0.7797,-0.8993,#DIV/0!,0.6374,1.0000,#DIV/0!,-0.7821,0.2088,-0.0775,#DIV/0!,#DIV/0!,#DIV/0!,0.6370,0.2232,#DIV/0!,1.0000,-0.9958,#DIV/0!,#DIV/0!,#DIV/0!RB,-0.9835,0.2779,1.0000,-1.0000,0.9828,#DIV/0!,0.3724,-0.9461,0.2192,#DIV/0!,1.0000,#DIV/0!,#DIV/0!,-1.0000,#DIV/0!,#DIV/0!,#DIV/0!,#DIV/0!,#DIV/0!,#DIV/0!,#DIV/0!,#DIV/0!,#DIV/0!,#DIV/0!,#DIV/0!WR,0.9788,-0.7595,-0.9931,-0.4163,-0.8550,-0.2905,0.6661,#DIV/0!,#DIV/0!,-0.7821,#DIV/0!,1.0000,0.9882,-1.0000,#DIV/0!,#DIV/0!,#DIV/0!,-0.9786,-0.1916,#DIV/0!,#DIV/0!,0.6816,#DIV/0!,#DIV/0!,#DIV/0!WR,0.7063,-0.4316,-0.4947,-0.5140,-0.4810,0.3141,-0.1595,#DIV/0!,0.3106,0.2088,#DIV/0!,0.9882,1.0000,0.6886,-1.0000,#DIV/0!,#DIV/0!,1.0000,0.0438,#DIV/0!,#DIV/0!,0.7175,#DIV/0!,-1.0000,#DIV/0!RB,0.4859,-0.2411,0.4759,-0.0682,0.0949,-0.6142,0.1829,-0.4408,0.7739,-0.0775,-1.0000,-1.0000,0.6886,1.0000,#DIV/0!,#DIV/0!,#DIV/0!,1.0000,0.9463,-1.0000,-0.9999,0.4911,#DIV/0!,#DIV/0!,#DIV/0!RB,1.0000,1.0000,#DIV/0!,1.0000,1.0000,1.0000,-1.0000,#DIV/0!,1.0000,#DIV/0!,#DIV/0!,#DIV/0!,-1.0000,#DIV/0!,1.0000,#DIV/0!,#DIV/0!,#DIV/0!,#DIV/0!,#DIV/0!,#DIV/0!,#DIV/0!,#DIV/0!,1.0000,#DIV/0!TE,#DIV/0!,#DIV/0!,#DIV/0!,#DIV/0!,#DIV/0!,#DIV/0!,#DIV/0!,#DIV/0!,#DIV/0!,#DIV/0!,#DIV/0!,#DIV/0!,#DIV/0!,#DIV/0!,#DIV/0!,#DIV/0!,#DIV/0!,#DIV/0!,#DIV/0!,#DIV/0!,#DIV/0!,#DIV/0!,#DIV/0!,#DIV/0!,#DIV/0!RB,#DIV/0!,#DIV/0!,#DIV/0!,#DIV/0!,#DIV/0!,#DIV/0!,#DIV/0!,#DIV/0!,#DIV/0!,#DIV/0!,#DIV/0!,#DIV/0!,#DIV/0!,#DIV/0!,#DIV/0!,#DIV/0!,#DIV/0!,#DIV/0!,#DIV/0!,#DIV/0!,#DIV/0!,#DIV/0!,#DIV/0!,#DIV/0!,#DIV/0!RB,0.9295,0.8922,0.9820,-0.8100,-0.9897,0.5852,0.5128,#DIV/0!,#DIV/0!,0.6370,#DIV/0!,-0.9786,1.0000,1.0000,#DIV/0!,#DIV/0!,#DIV/0!,1.0000,1.0000,#DIV/0!,#DIV/0!,-0.5636,#DIV/0!,#DIV/0!,#DIV/0!TE,0.3706,0.6253,0.5887,0.1943,0.0230,0.9042,-0.4609,#DIV/0!,-0.4389,0.2232,#DIV/0!,-0.1916,0.0438,0.9463,#DIV/0!,#DIV/0!,#DIV/0!,1.0000,1.0000,#DIV/0!,#DIV/0!,-0.7240,#DIV/0!,#DIV/0!,#DIV/0!TE,1.0000,-1.0000,1.0000,1.0000,1.0000,#DIV/0!,1.0000,1.0000,1.0000,#DIV/0!,#DIV/0!,#DIV/0!,#DIV/0!,-1.0000,#DIV/0!,#DIV/0!,#DIV/0!,#DIV/0!,#DIV/0!,1.0000,#DIV/0!,#DIV/0!,#DIV/0!,#DIV/0!,#DIV/0!QB,0.9594,-0.8441,1.0000,-0.9553,0.9959,0.8976,0.9220,#DIV/0!,1.0000,1.0000,#DIV/0!,#DIV/0!,#DIV/0!,-0.9999,#DIV/0!,#DIV/0!,#DIV/0!,#DIV/0!,#DIV/0!,#DIV/0!,1.0000,#DIV/0!,#DIV/0!,#DIV/0!,#DIV/0!TE,0.6323,-0.5805,-0.4002,0.2293,-0.1850,-0.8459,0.5461,#DIV/0!,-1.0000,-0.9958,#DIV/0!,0.6816,0.7175,0.4911,#DIV/0!,#DIV/0!,#DIV/0!,-0.5636,-0.7240,#DIV/0!,#DIV/0!,1.0000,#DIV/0!,#DIV/0!,#DIV/0!TE,#DIV/0!,#DIV/0!,#DIV/0!,#DIV/0!,#DIV/0!,#DIV/0!,#DIV/0!,#DIV/0!,#DIV/0!,#DIV/0!,#DIV/0!,#DIV/0!,#DIV/0!,#DIV/0!,#DIV/0!,#DIV/0!,#DIV/0!,#DIV/0!,#DIV/0!,#DIV/0!,#DIV/0!,#DIV/0!,#DIV/0!,#DIV/0!,#DIV/0!WR,1.0000,1.0000,#DIV/0!,1.0000,1.0000,1.0000,-1.0000,#DIV/0!,1.0000,#DIV/0!,#DIV/0!,#DIV/0!,-1.0000,#DIV/0!,1.0000,#DIV/0!,#DIV/0!,#DIV/0!,#DIV/0!,#DIV/0!,#DIV/0!,#DIV/0!,#DIV/0!,1.0000,#DIV/0!RB,#DIV/0!,#DIV/0!,#DIV/0!,#DIV/0!,#DIV/0!,#DIV/0!,#DIV/0!,#DIV/0!,#DIV/0!,#DIV/0!,#DIV/0!,#DIV/0!,#DIV/0!,#DIV/0!,#DIV/0!,#DIV/0!,#DIV/0!,#DIV/0!,#DIV/0!,#DIV/0!,#DIV/0!,#DIV/0!,#DIV/0!,#DIV/0!,#DIV/0!BREAK,,,,,,,,,,,,,,,,,,,,,,,,,QB,1.0000,-0.1667,0.2391,-0.1054,-0.1553,0.5698,0.1347,0.5481,0.0080,-0.9837,0.3829,1.0000,-0.5119,-0.1966,-0.5500,0.4096,0.9716,#DIV/0!,,,,,,,RB,-0.1667,1.0000,-0.1085,0.3095,0.3807,-0.3979,0.5986,-0.2068,-0.3745,0.2232,-0.3986,0.9670,-0.2877,0.3261,-0.2959,-0.1411,-1.0000,#DIV/0!,,,,,,,WR,0.2391,-0.1085,1.0000,0.2816,-0.2342,0.4130,0.1502,0.1163,0.0202,-0.0700,0.3921,0.9699,-0.5448,0.9041,-0.6573,-0.5345,-0.8993,#DIV/0!,,,,,,,K,-0.1054,0.3095,0.2816,1.0000,0.5664,0.4221,0.5591,-0.1427,-0.4471,0.9072,0.2006,1.0000,0.0928