RB,1.0000,-0.2930,-0.1600,0.1314,0.0738,-0.3585,-0.5223,0.0333,0.0615,0.1039,0.0581,#DIV/0!,#DIV/0!,-0.4552,-0.2660,-0.5325,0.4556,1.0000,#DIV/0!,#DIV/0!,0.9987,#DIV/0!,WR,-0.2930,1.0000,-0.3836,-0.0951,0.2661,-0.0206,0.7855,-0.4131,0.0011,-0.2748,-0.3014,0.1833,0.8934,-0.2066,0.4636,0.7445,-0.3602,-1.0000,-1.0000,0.6081,-0.9995,#DIV/0!,DEF,-0.1600,-0.3836,1.0000,0.2550,-0.7784,0.0307,-0.3568,0.4686,-0.3452,0.1489,0.2242,0.7865,-0.8050,0.0097,-0.0391,0.0201,-0.2069,1.0000,1.0000,-0.5946,0.9270,#DIV/0!,K,0.1314,-0.0951,0.2550,1.0000,-0.0355,-0.0235,-0.1726,0.0536,-0.0884,-0.1984,-0.2457,0.4136,-0.8763,-0.5794,-0.4311,-0.2426,-0.7699,1.0000,1.0000,-0.7303,0.7283,#DIV/0!,QB,0.0738,0.2661,-0.7784,-0.0355,1.0000,-0.1450,#DIV/0!,0.0495,-0.3678,0.0107,-0.1331,#DIV/0!,#DIV/0!,0.4064,0.2251,-0.1437,1.0000,#DIV/0!,#DIV/0!,#DIV/0!,#DIV/0!,#DIV/0!,WR,-0.3585,-0.0206,0.0307,-0.0235,-0.1450,1.0000,0.4540,0.3959,-0.1395,-0.0318,-0.5546,-0.8089,0.7517,-0.0171,-0.0190,-0.1248,-0.4924,-1.0000,-1.0000,-0.1548,0.2128,#DIV/0!,QB,-0.5223,0.7855,-0.3568,-0.1726,#DIV/0!,0.4540,1.0000,-0.5065,-0.2822,0.1140,-0.0777,1.0000,#DIV/0!,0.2516,0.9738,0.9619,0.2656,#DIV/0!,#DIV/0!,-0.9628,-0.9812,#DIV/0!,WR,0.0333,-0.4131,0.4686,0.0536,0.0495,0.3959,-0.5065,1.0000,-0.3199,-0.0065,-0.1120,-0.1338,-0.3468,-0.1237,-0.1715,-0.3572,0.1635,1.0000,1.0000,0.3195,0.7297,#DIV/0!,RB,0.0615,0.0011,-0.3452,-0.0884,-0.3678,-0.1395,-0.2822,-0.3199,1.0000,-0.0385,-0.0873,-0.1513,-0.9955,0.3550,-0.2168,-0.1703,0.9302,#DIV/0!,-1.0000,0.1720,#DIV/0!,#DIV/0!,TE,0.1039,-0.2748,0.1489,-0.1984,0.0107,-0.0318,0.1140,-0.0065,-0.0385,1.0000,0.2139,-0.7925,-0.6436,0.6620,0.0765,0.0261,0.8951,1.0000,1.0000,-0.2882,0.0398,#DIV/0!,WR,0.0581,-0.3014,0.2242,-0.2457,-0.1331,-0.5546,-0.0777,-0.1120,-0.0873,0.2139,1.0000,1.0000,#DIV/0!,0.4542,0.3383,0.2075,0.3104,#DIV/0!,#DIV/0!,-0.4566,1.0000,#DIV/0!,RB,#DIV/0!,0.1833,0.7865,0.4136,#DIV/0!,-0.8089,1.0000,-0.1338,-0.1513,-0.7925,1.0000,1.0000,-0.1114,0.9952,0.9662,0.0075,-0.5809,#DIV/0!,#DIV/0!,-0.5804,#DIV/0!,#DIV/0!,QB,#DIV/0!,0.8934,-0.8050,-0.8763,#DIV/0!,0.7517,#DIV/0!,-0.3468,-0.9955,-0.6436,#DIV/0!,-0.1114,1.0000,-0.0209,1.0000,0.9658,-1.0000,#DIV/0!,#DIV/0!,0.9729,#DIV/0!,#DIV/0!,WR,-0.4552,-0.2066,0.0097,-0.5794,0.4064,-0.0171,0.2516,-0.1237,0.3550,0.6620,0.4542,0.9952,-0.0209,1.0000,0.2773,0.1844,0.7771,#DIV/0!,-1.0000,-0.6346,#DIV/0!,#DIV/0!,RB,-0.2660,0.4636,-0.0391,-0.4311,0.2251,-0.0190,0.9738,-0.1715,-0.2168,0.0765,0.3383,0.9662,1.0000,0.2773,1.0000,0.6987,0.0160,-1.0000,#DIV/0!,-0.7146,-1.0000,#DIV/0!,TE,-0.5325,0.7445,0.0201,-0.2426,-0.1437,-0.1248,0.9619,-0.3572,-0.1703,0.0261,0.2075,0.0075,0.9658,0.1844,0.6987,1.0000,0.0000,#DIV/0!,-1.0000,0.3418,-1.0000,#DIV/0!,RB,0.4556,-0.3602,-0.2069,-0.7699,1.0000,-0.4924,0.2656,0.1635,0.9302,0.8951,0.3104,-0.5809,-1.0000,0.7771,0.0160,0.0000,1.0000,#DIV/0!,#DIV/0!,-0.4039,#DIV/0!,#DIV/0!,RB,1.0000,-1.0000,1.0000,1.0000,#DIV/0!,-1.0000,#DIV/0!,1.0000,#DIV/0!,1.0000,#DIV/0!,#DIV/0!,#DIV/0!,#DIV/0!,-1.0000,#DIV/0!,#DIV/0!,1.0000,#DIV/0!,#DIV/0!,#DIV/0!,#DIV/0!,QB,#DIV/0!,-1.0000,1.0000,1.0000,#DIV/0!,-1.0000,#DIV/0!,1.0000,-1.0000,1.0000,#DIV/0!,#DIV/0!,#DIV/0!,-1.0000,#DIV/0!,-1.0000,#DIV/0!,#DIV/0!,1.0000,#DIV/0!,#DIV/0!,#DIV/0!,TE,#DIV/0!,0.6081,-0.5946,-0.7303,#DIV/0!,-0.1548,-0.9628,0.3195,0.1720,-0.2882,-0.4566,-0.5804,0.9729,-0.6346,-0.7146,0.3418,-0.4039,#DIV/0!,#DIV/0!,1.0000,#DIV/0!,#DIV/0!,TE,0.9987,-0.9995,0.9270,0.7283,#DIV/0!,0.2128,-0.9812,0.7297,#DIV/0!,0.0398,1.0000,#DIV/0!,#DIV/0!,#DIV/0!,-1.0000,-1.0000,#DIV/0!,#DIV/0!,#DIV/0!,#DIV/0!,1.0000,#DIV/0!,RB,#DIV/0!,#DIV/0!,#DIV/0!,#DIV/0!,#DIV/0!,#DIV/0!,#DIV/0!,#DIV/0!,#DIV/0!,#DIV/0!,#DIV/0!,#DIV/0!,#DIV/0!,#DIV/0!,#DIV/0!,#DIV/0!,#DIV/0!,#DIV/0!,#DIV/0!,#DIV/0!,#DIV/0!,#DIV/0!,BREAK,,,,,,,,,,,,,,,,,,,,,,,QB,1.0000,0.6012,0.3048,0.3549,0.1941,0.1029,0.3954,0.5432,0.4729,-0.1153,0.2602,0.2616,0.6926,0.3140,0.6564,#DIV/0!,#DIV/0!,#DIV/0!,,,,,WR,0.6012,1.0000,-0.0702,0.2356,0.4871,0.2910,-0.0621,0.5969,0.1557,-0.3278,-0.1123,-0.0678,0.5541,0.0450,-0.5248,#DIV/0!,#DIV/0!,#DIV/0!,,,,,WR,0.3048,-0.0702,1.0000,0.0766,-0.0830,0.0292,0.3936,0.1734,-0.3369,-0.4553,0.1284,0.2344,-0.3538,0.5165,-0.7307,#DIV/0!,#DIV/0!,#DIV/0!,,,,,K,0.3549,0.2356,0.0766,1.0000,0.1009,0.2529,-0.1035,0.2797,0.1064,0.1582,0.0077,0.5942,0.0732,-0.3386,-0.5248,#DIV/0!,#DIV/0!,#DIV/0!,,,,,RB,0.1941,0.4871,-0.0830,0.1009,1.0000,0.0390,-0.1855,-0.2579,-0.0621,-0.2726,0.0135,-0.2161,0.4584,-0.2593,-1.0000,#DIV/0!,#DIV/0!,#DIV/0!,,,,,DEF,0.1029,0.2910,0.0292,0.2529,0.0390,1.0000,0.0382,-0.0654,-0.0367,0.2294,-0.2152,-0.0759,0.5114,0.0511,-0.4358,#DIV/0!,#DIV/0!,#DIV/0!,,,,,WR,0.3954,-0.0621,0.3936,-0.1035,-0.1855,0.0382,1.0000,0.5240,0.5212,-0.1773,0.1936,-0.0210,0.3603,0.9297,1.0000,#DIV/0!,#DIV/0!,#DIV/0!,,,,,WR,0.5432,0.5969,0.1734,0.2797,-0.2579,-0.0654,0.5240,1.0000,0.7682,-0.0036,-0.2368,0.2401,-0.8731,0.2639,0.7745,#DIV/0!,#DIV/0!,#DIV/0!,,,,,RB,0.4729,0.1557,-0.3369,0.1064,-0.0621,-0.0367,0.5212,0.7682,1.0000,0.1166,0.3109,0.1176,0.3599,0.9599,1.0000,#DIV/0!,#DIV/0!,#DIV/0!,,,,,RB,-0.1153,-0.3278,-0.4553,0.1582,-0.2726,0.2294,-0.1773,-0.0036,0.1166,1.0000,-0.1078,-0.0004,0.1312,-0.3146,1.0000,#DIV/0!,#DIV/0!,#DIV/0!,,,,,RB,0.2602,-0.1123,0.1284,0.0077,0.0135,-0.2152,0.1936,-0.2368,0.3109,-0.1078,1.0000,0.3758,0.4059,-0.1063,-0.1389,#DIV/0!,#DIV/0!,#DIV/0!,,,,,TE,0.2616,-0.0678,0.2344,0.5942,-0.2161,-0.0759,-0.0210,0.2401,0.1176,-0.0004,0.3758,1.0000,-0.6935,-0.3720,1.0000,#DIV/0!,#DIV/0!,#DIV/0!,,,,,WR,0.6926,0.5541,-0.3538,0.0732,0.4584,0.5114,0.3603,-0.8731,0.3599,0.1312,0.4059,-0.6935,1.0000,0.5648,#DIV/0!,#DIV/0!,#DIV/0!,#DIV/0!,,,,,RB,0.3140,0.0450,0.5165,-0.3386,-0.2593,0.0511,0.9297,0.2639,0.9599,-0.3146,-0.1063,-0.3720,0.5648,1.0000,#DIV/0!,#DIV/0!,#DIV/0!,#DIV/0!,,,,,TE,0.6564,-0.5248,-0.7307,-0.5248,-1.0000,-0.4358,1.0000,0.7745,1.0000,1.0000,-0.1389,1.0000,#DIV/0!,#DIV/0!,1.0000,#DIV/0!,#DIV/0!,#DIV/0!,,,,,WR,#DIV/0!,#DIV/0!,#DIV/0!,#DIV/0!,#DIV/0!,#DIV/0!,#DIV/0!,#DIV/0!,#DIV/0!,#DIV/0!,#DIV/0!,#DIV/0!,#DIV/0!,#DIV/0!,#DIV/0!,#DIV/0!,#DIV/0!,#DIV/0!,,,,,QB,#DIV/0!,#DIV/0!,#DIV/0!,#DIV/0!,#DIV/0!,#DIV/0!,#DIV/0!,#DIV/0!,#DIV/0!,#DIV/0!,#DIV/0!,#DIV/0!,#DIV/0!,#DIV/0!,#DIV/0!,#DIV/0!,#DIV/0!,#DIV/0!,,,,,WR,#DIV/0!,#DIV/0!,#DIV/0!,#DIV/0!,#DIV/0!,#DIV/0!,#DIV/0!,#DIV/0!,#DIV/0!,#DIV/0!,#DIV/0!,#DIV/0!,#DIV/0!,#DIV/0!,#DIV/0!,#DIV/0!,#DIV/0!,#DIV/0!,,,,,BREAK,,,,,,,,,,,,,,,,,,,,,,,QB,1.0000,0.0626,0.5597,0.5604,0.1856,-0.0273,-0.1294,-0.1832,0.2772,0.6981,0.4141,-0.1372,-0.0014,0.6106,0.8796,0.1496,-1.0000,1.0000,#DIV/0!,,,,RB,0.0626,1.0000,0.1648,0.2606,-0.0408,0.4084,-0.3970,-0.5001,-0.1121,0.2124,-0.2297,-0.2283,-0.3418,-0.0889,0.9862,-0.0608,-1.0000,1.0000,#DIV/0!,,,,WR,0.5597,0.1648,1.0000,0.0454,-0.1215,0.0260,-0.4532,-0.5415,-0.1776,0.4604,0.0144,-0.1755,-0.4368,0.1872,0.8100,0.2870,1.0000,#DIV/0!,#DIV/0!,,,,WR,0.5604,0.2606,0.0454,1.0000,-0.0585,-0.3448,-0.2419,0.1297,0.1885,0.3626,-0.0079,0.0579,0.0346,0.7552,0.8670,-0.2404,-1.0000,1.0000,#DIV/0!,,,,K,0.1856,-0.0408,-0.1215,-0.0585,1.0000,0.1658,0.2819,0.5734,0.5531,0.2204,0.0032,0.2665,-0.1998,0.9103,-0.8711,-0.2560,-1.0000,-1.0000,#DIV/0!,,,,DEF,-0.0273,0.4084,0.0260,-0.3448,0.1658,1.0000,0.3303,-0.3245,0.2505,-0.0694,0.3409,-0.4560,0.6099,-0.2805,-0.3823,-0.2229,-1.0000,-1.0000,#DIV/0!,,,,TE,-0.1294,-0.3970,-0.4532,-0.2419,0.2819,0.3303,1.0000,-0.4853,0.5673,-0.3376,0.6297,-0.4643,0.3863,-0.6100,-0.1016,-0.4395,-1.0000,-1.0000,#DIV/0!,,,,RB,-0.1832,-0.5001,-0.5415,0.1297,0.5734,-0.3245,-0.4853,1.0000,0.3128,-0.0116,0.0329,0.5247,0.1220,0.0277,-1.0000,-0.1150,#DIV/0!,1.0000,#DIV/0!,,,,RB,0.2772,-0.1121,-0.1776,0.1885,0.5531,0.2505,0.5673,0.3128,1.0000,0.3278,0.4337,0.3345,-0.2064,0.6007,-1.0000,-0.6274,-1.0000,1.0000,#DIV/0!,,,,WR,0.6981,0.2124,0.4604,0.3626,0.2204,-0.0694,-0.3376,-0.0116,0.3278,1.0000,0.0504,0.1564,-0.2262,0.4736,#DIV/0!,0.3139,-1.0000,1.0000,#DIV/0!,,,,WR,0.4141,-0.2297,0.0144,-0.0079,0.0032,0.3409,0.6297,0.0329,0.4337,0.0504,1.0000,-0.2533,0.3756,-1.0000,-1.0000,0.2584,-1.0000,1.0000,#DIV/0!,,,,RB,-0.1372,-0.2283,-0.1755,0.0579,0.2665,-0.4560,-0.4643,0.5247,0.3345,0.1564,-0.2533,1.0000,-0.2339,0.9189,-1.0000,-0.2579,#DIV/0!,-1.0000,#DIV/0!,,,,TE,-0.0014,-0.3418,-0.4368,0.0346,-0.1998,0.6099,0.3863,0.1220,-0.2064,-0.2262,0.3756,-0.2339,1.0000,-0.1537,#DIV/0!,-0.6916,-1.0000,#DIV/0!,#DIV/0!,,,,WR,0.6106,-0.0889,0.1872,0.7552,0.9103,-0.2805,-0.6100,0.0277,0.6007,0.4736,-1.0000,0.9189,-0.1537,1.0000,#DIV/0!,0.7491,#DIV/0!,#DIV/0!,#DIV/0!,,,,TE,0.8796,0.9862,0.8100,0.8670,-0.8711,-0.3823,-0.1016,-1.0000,-1.0000,#DIV/0!,-1.0000,-1.0000,#DIV/0!,#DIV/0!,1.0000,0.9910,#DIV/0!,#DIV/0!,#DIV/0!,,,,WR,0.1496,-0.0608,0.2870,-0.2404,-0.2560,-0.2229,-0.4395,-0.1150,-0.6274,0.3139,0.2584,-0.2579,-0.6916,0.7491,0.9910,1.0000,#DIV/0!,#DIV/0!,#DIV/0!,,,,RB,-1.0000,-1.0000,1.0000,-1.0000,-1.0000,-1.0000,-1.0000,#DIV/0!,-1.0000,-1.0000,-1.0000,#DIV/0!,-1.0000,#DIV/0!,#DIV/0!,#DIV/0!,1.0000,#DIV/0!,#DIV/0!,,,,TE,1.0000,1.0000,#DIV/0!,1.0000,-1.0000,-1.0000,-1.0000,1.0000,1.0000,1.0000,1.0000,-1.0000,#DIV/0!,#DIV/0!,#DIV/0!,#DIV/0!,#DIV/0!,1.0000,#DIV/0!,,,,QB,#DIV/0!,#DIV/0!,#DIV/0!,#DIV/0!,#DIV/0!,#DIV/0!,#DIV/0!,#DIV/0!,#DIV/0!,#DIV/0!,#DIV/0!,#DIV/0!,#DIV/0!,#DIV/0!,#DIV/0!,#DIV/0!,#DIV/0!,#DIV/0!,#DIV/0!,,,,BREAK,,,,,,,,,,,,,,,,,,,,,,,QB,1.0000,-0.1246,0.6120,-0.2102,-0.0035,0.4204,0.7523,0.1026,-0.0809,#DIV/0!,-0.2019,-0.4727,1.0000,-0.3992,0.1828,0.6445,0.9983,0.2384,,,,,DEF,-0.1246,1.0000,0.2765,0.8265,-0.3394,-0.2418,-0.4897,-0.3278,-0.0353,-0.6711,0.5809,-0.3603,-0.2177,0.5689,0.0412,0.6797,0.6753,0.1656,,,,,WR,0.6120,0.2765,1.0000,0.1505,-0.5605,-0.2207,0.1811,-0.2363,-0.1992,-0.8943,0.0152,-0.4265,0.0447,-0.6043,0.2037,0.9078,0.4815,0.3605,,,,,K,-0.2102,0.8265,0.1505,1.0000,-0.1902,-0.1172,-0.4214,-0.4857,-0.2326,-0.3062,0.5616,-0.2875,-0.3947,0.5017,-0.0396,0.4603,0.4632,-0.0654,,,,,RB,-0.0035,-0.3394,-0.5605,-0.1902,1.0000,0.2248,0.4017,-0.1164,-0.1131,0.4773,-0.1817,-0.6327,-0.1810,0.2312,0.5421,0.0686,-0.0676,-0.0325,,,,,WR,0.4204,-0.2418,-0.2207,-0.1172,0.2248,1.0000,0.5402,-0.1201,0.3831,0.7991,-0.5476,-0.6021,0.0026,0.3036,-0.1062,0.4015,0.7150,-0.3025,,,,,TE,0.7523,-0.4897,0.1811,-0.4214,0.4017,0.5402,1.0000,0.1853,-0.1135,0.0878,-0.6868,-0.5656,-0.1828,-0.6358,-0.0204,0.3652,0.5936,-0.1324,,,,,WR,0.1026,-0.3278,-0.2363,-0.4857,-0.1164,-0.1201,0.1853,1.0000,-0.5196,#DIV/0!,-0.4950,0.2601,-1.0000,0.0130,-0.5198,-0.3742,-0.5495,-0.7194,,,,,RB,-0.0809,-0.0353,-0.1992,-0.2326,-0.1131,0.3831,-0.1135,-0.5196,1.0000,1.0000,0.1263,-0.0002,0.6048,0.0990,-0.0257,-0.0238,-0.1328,-0.4756,,,,,QB,#DIV/0!,-0.6711,-0.8943,-0.3062,0.4773,0.7991,0.0878,#DIV/0!,1.0000,1.0000,0.4456,#DIV/0!,-0.2936,#DIV/0!,#DIV/0!,#DIV/0!,-0.4414,-0.9780,,,,,RB,-0.2019,0.5809,0.0152,0.5616,-0.1817,-0.5476,-0.6868,-0.4950,0.1263,0.4456,1.0000,#DIV/0!,0.2990,1.0000,-0.9196,#DIV/0!,0.4961,-0.2999,,,,,RB,-0.4727,-0.3603,-0.4265,-0.2875,-0.6327,-0.6021,-0.5656,0.2601,-0.0002,#DIV/0!,#DIV/0!,1.0000,#DIV/0!,-0.6557,-0.9995,-0.6202,-1.0000,1.0000,,,,,WR,1.0000,-0.2177,0.0447,-0.3947,-0.1810,0.0026,-0.1828,-1.0000,0.6048,-0.2936,0.2990,#DIV/0!,1.0000,#DIV/0!,0.9820,#DIV/0!,-0.2306,-0.3680,,,,,TE,-0.3992,0.5689,-0.6043,0.5017,0.2312,0.3036,-0.6358,0.0130,0.0990,#DIV/0!,1.0000,-0.6557,#DIV/0!,1.0000,#DIV/0!,0.8446,#DIV/0!,-1.0000,,,,,TE,0.1828,0.0412,0.2037,-0.0396,0.5421,-0.1062,-0.0204,-0.5198,-0.0257,#DIV/0!,-0.9196,-0.9995,0.9820,#DIV/0!,1.0000,1.0000,-0.5250,1.0000,,,,,TE,0.6445,0.6797,0.9078,0.4603,0.0686,0.4015,0.3652,-0.3742,-0.0238,#DIV/0!,#DIV/0!,-0.6202,#DIV/0!,0.8446,1.0000,1.0000,1.0000,#DIV/0!,,,,,RB,0.9983,0.6753,0.4815,0.4632,-0.0676,0.7150,0.5936,-0.5495,-0.1328,-0.4414,0.4961,-1.0000,-0.2306,#DIV/0!,-0.5250,1.0000,1.0000,-0.7449,,,,,WR,0.2384,0.1656,0.3605,-0.0654,-0.0325,-0.3025,-0.1324,-0.7194,-0.4756,-0.9780,-0.2999,1.0000,-0.3680,-1.0000,1.0000,#DIV/0!,-0.7449,1.0000,,,,,BREAK,,,,,,,,,,,,,,,,,,,,,,,QB,1.0000,-0.1022,0.3077,0.6640,0.5121,0.1151,-0.1129,0.2320,-0.2873,0.8259,0.4329,-0.0900,-0.2560,0.0508,0.8183,0.1737,0.5905,0.4242,#DIV/0!,#DIV/0!,#DIV/0!,,WR,-0.1022,1.0000,0.2668,-0.2751,-0.2898,-0.6805,-0.0243,-0.1624,0.1932,0.0119,-0.4520,0.0299,0.4059,-0.3785,0.0807,-0.6485,-0.9580,0.1726,#DIV/0!,#DIV/0!,#DIV/0!,,TE,0.3077,0.2668,1.0000,-0.0505,0.2332,0.0791,-0.1014,0.6821,-0.3175,0.6221,0.0562,0.4202,0.3025,-0.4341,0.3792,0.4057,0.8801,-0.2446,#DIV/0!,#DIV/0!,#DIV/0!,,RB,0.6640,-0.2751,-0.0505,1.0000,0.1620,-0.1335,-0.3614,-0.5942,-0.4141,0.5234,0.5453,-0.7894,-0.1438,0.1377,0.6540,1.0000,-1.0000,-0.4859,#DIV/0!,#DIV/0!,#DIV/0!,,K,0.5121,-0.2898,0.2332,0.1620,1.0000,0.4034,0.1533,0.7426,-0.4210,0.5961,0.5391,0.3000,-0.3595,-0.0833,0.2158,-0.3806,-0.0353,0.3785,#DIV/0!,#DIV/0!,#DIV/0!,,DEF,0.1151,-0.6805,0.0791,-0.1335,0.4034,1.0000,-0.0050,0.9805,-0.0604,0.0220,0.3934,0.8342,-0.3996,0.5758,-0.1857,0.6090,0.9775,-0.4720,#DIV/0!,#DIV/0!,#DIV/0!,,WR,-0.1129,-0.0243,-0.1014,-0.3614,0.1533,-0.0050,1.0000,0.1067,-0.4208,-0.2057,0.2894,0.1613,-0.3940,-0.2635,-0.4929,0.4471,0.8598,-0.0088,#DIV/0!,#DIV/0!,#DIV/0!,,QB,0.2320,-0.1624,0.6821,-0.5942,0.7426,0.9805,0.1067,1.0000,-0.5942,#DIV/0!,-0.8121,1.0000,-0.4382,#DIV/0!,-0.6681,-1.0000,#DIV/0!,#DIV/0!,#DIV/0!,#DIV/0!,#DIV/0!,,WR,-0.2873,0.1932,-0.3175,-0.4141,-0.4210,-0.0604,-0.4208,-0.5942,1.0000,-0.4645,-0.7526,-0.1807,-0.1360,0.4293,-0.2995,-0.2843,#DIV/0!,-1.0000,#DIV/0!,#DIV/0!,#DIV/0!,,RB,0.8259,0.0119,0.6221,0.5234,0.5961,0.0220,-0.2057,#DIV/0!,-0.4645,1.0000,1.0000,-0.2875,0.1163,-0.3515,0.8842,#DIV/0!,#DIV/0!,1.0000,#DIV/0!,#DIV/0!,#DIV/0!,,WR,0.4329,-0.4520,0.0562,0.5453,0.5391,0.3934,0.2894,-0.8121,-0.7526,1.0000,1.0000,-0.6736,-0.3776,-0.2499,0.8343,0.6900,0.9971,-0.0556,#DIV/0!,#DIV/0!,#DIV/0!,,RB,-0.0900,0.0299,0.4202,-0.7894,0.3000,0.8342,0.1613,1.0000,-0.1807,-0.2875,-0.6736,1.0000,-0.9672,-0.3936,1.0000,#DIV/0!,#DIV/0!,1.0000,#DIV/0!,#DIV/0!,#DIV/0!,,WR,-0.2560,0.4059,0.3025,-0.1438,-0.3595,-0.3996,-0.3940,-0.4382,-0.1360,0.1163,-0.3776,-0.9672,1.0000,-0.2476,0.2340,-0.4639,-1.0000,0.6241,#DIV/0!,#DIV/0!,#DIV/0!,,TE,0.0508,-0.3785,-0.4341,0.1377,-0.0833,0.5758,-0.2635,#DIV/0!,0.4293,-0.3515,-0.2499,-0.3936,-0.2476,1.0000,-0.2805,0.3312,0.6175,-0.7273,#DIV/0!,#DIV/0!,#DIV/0!,,RB,0.8183,0.0807,0.3792,0.6540,0.2158,-0.1857,-0.4929,-0.6681,-0.2995,0.8842,0.8343,1.0000,0.2340,-0.2805,1.0000,#DIV/0!,#DIV/0!,#DIV/0!,#DIV/0!,#DIV/0!,#DIV/0!,,RB,0.1737,-0.6485,0.4057,1.0000,-0.3806,0.6090,0.4471,-1.0000,-0.2843,#DIV/0!,0.6900,#DIV/0!,-0.4639,0.3312,#DIV/0!,1.0000,1.0000,-1.0000,#DIV/0!,#DIV/0!,#DIV/0!,,RB,0.5905,-0.9580,0.8801,-1.0000,-0.0353,0.9775,0.8598,#DIV/0!,#DIV/0!,#DIV/0!,0.9971,#DIV/0!,-1.0000,0.6175,#DIV/0!,1.0000,1.0000,-1.0000,#DIV/0!,#DIV/0!,#DIV/0!,,TE,0.4242,0.1726,-0.2446,-0.4859,0.3785,-0.4720,-0.0088,#DIV/0!,-1.0000,1.0000,-0.0556,1.0000,0.6241,-0.7273,#DIV/0!,-1.0000,-1.0000,1.0000,#DIV/0!,#DIV/0!,#DIV/0!,,WR,#DIV/0!,#DIV/0!,#DIV/0!,#DIV/0!,#DIV/0!,#DIV/0!,#DIV/0!,#DIV/0!,#DIV/0!,#DIV/0!,#DIV/0!,#DIV/0!,#DIV/0!,#DIV/0!,#DIV/0!,#DIV/0!,#DIV/0!,#DIV/0!,#DIV/0!,#DIV/0!,#DIV/0!,,WR,#DIV/0!,#DIV/0!,#DIV/0!,#DIV/0!,#DIV/0!,#DIV/0!,#DIV/0!,#DIV/0!,#DIV/0!,#DIV/0!,#DIV/0!,#DIV/0!,#DIV/0!,#DIV/0!,#DIV/0!,#DIV/0!,#DIV/0!,#DIV/0!,#DIV/0!,#DIV/0!,#DIV/0!,,RB,#DIV/0!,#DIV/0!,#DIV/0!,#DIV/0!,#DIV/0!,#DIV/0!,#DIV/0!,#DIV/0!,#DIV/0!,#DIV/0!,#DIV/0!,#DIV/0!,#DIV/0!,#DIV/0!,#DIV/0!,#DIV/0!,#DIV/0!,#DIV/0!,#DIV/0!,#DIV/0!,#DIV/0!,,BREAK,,,,,,,,,,,,,,,,,,,,,,,QB,1.0000,-0.0227,0.4870,0.2915,0.3501,-0.1508,0.3237,-0.0325,-0.1868,0.1235,0.5519,-0.4332,0.2771,0.2989,#DIV/0!,#DIV/0!,#DIV/0!,#DIV/0!,,,,,RB,-0.0227,1.0000,0.0608,-0.2011,-0.2950,-0.2348,-0.1357,-0.0241,-0.0611,0.6621,-0.0136,-0.6722,-0.2589,-0.2783,#DIV/0!,#DIV/0!,#DIV/0!,#DIV/0!,,,,,WR,0.4870,0.0608,1.0000,-0.0212,-0.0967,-0.1869,0.1539,0.0226,-0.0738,0.1485,0.6192,-0.9663,0.0297,-0.8422,#DIV/0!,#DIV/0!,#DIV/0!,#DIV/0!,,,,,TE,0.2915,-0.2011,-0.0212,1.0000,-0.3447,-0.2180,0.3859,0.1327,-0.5134,-0.0892,-0.7444,0.0328,-0.0340,0.3690,#DIV/0!,#DIV/0!,#DIV/0!,#DIV/0!,,,,,WR,0.3501,-0.2950,-0.0967,-0.3447,1.0000,0.0216,-0.1803,0.2344,0.1740,0.0167,-0.7470,#DIV/0!,0.0188,0.6484,#DIV/0!,#DIV/0!,#DIV/0!,#DIV/0!,,,,,DEF,-0.1508,-0.2348,-0.1869,-0.2180,0.0216,1.0000,0.2128,-0.6587,0.1021,-0.0493,0.6980,0.0278,0.0926,-0.3462,#DIV/0!,#DIV/0!,#DIV/0!,#DIV/0!,,,,,K,0.3237,-0.1357,0.1539,0.3859,-0.1803,0.2128,1.0000,-0.2702,-0.9966,0.4757,-0.6934,#DIV/0!,0.4080,0.0748,#DIV/0!,#DIV/0!,#DIV/0!,#DIV/0!,,,,,RB,-0.0325,-0.0241,0.0226,0.1327,0.2344,-0.6587,-0.2702,1.0000,0.9139,-0.0084,-0.3394,#DIV/0!,-0.7038,0.0346,#DIV/0!,#DIV/0!,#DIV/0!,#DIV/0!,,,,,WR,-0.1868,-0.0611,-0.0738,-0.5134,0.1740,0.1021,-0.9966,0.9139,1.0000,-0.1060,#DIV/0!,-0.6527,-0.4940,#DIV/0!,#DIV/0!,#DIV/0!,#DIV/0!,#DIV/0!,,,,,WR,0.1235,0.6621,0.1485,-0.0892,0.0167,-0.0493,0.4757,-0.0084,-0.1060,1.0000,-0.8091,0.4733,0.2603,-1.0000,#DIV/0!,#DIV/0!,#DIV/0!,#DIV/0!,,,,,QB,0.5519,-0.0136,0.6192,-0.7444,-0.7470,0.6980,-0.6934,-0.3394,#DIV/0!,-0.8091,1.0000,#DIV/0!,-0.3498,#DIV/0!,#DIV/0!,#DIV/0!,#DIV/0!,#DIV/0!,,,,,K,-0.4332,-0.6722,-0.9663,0.0328,#DIV/0!,0.0278,#DIV/0!,#DIV/0!,-0.6527,0.4733,#DIV/0!,1.0000,0.9695,#DIV/0!,#DIV/0!,#DIV/0!,#DIV/0!,#DIV/0!,,,,,TE,0.2771,-0.2589,0.0297,-0.0340,0.0188,0.0926,0.4080,-0.7038,-0.4940,0.2603,-0.3498,0.9695,1.0000,-0.2358,#DIV/0!,#DIV/0!,#DIV/0!,#DIV/0!,,,,,WR,0.2989,-0.2783,-0.8422,0.3690,0.6484,-0.3462,0.0748,0.0346,#DIV/0!,-1.0000,#DIV/0!,#DIV/0!,-0.2358,1.0000,#DIV/0!,#DIV/0!,#DIV/0!,#DIV/0!,,,,,WR,#DIV/0!,#DIV/0!,#DIV/0!,#DIV/0!,#DIV/0!,#DIV/0!,#DIV/0!,#DIV/0!,#DIV/0!,#DIV/0!,#DIV/0!,#DIV/0!,#DIV/0!,#DIV/0!,#DIV/0!,#DIV/0!,#DIV/0!,#DIV/0!,,,,,WR,#DIV/0!,#DIV/0!,#DIV/0!,#DIV/0!,#DIV/0!,#DIV/0!,#DIV/0!,#DIV/0!,#DIV/0!,#DIV/0!,#DIV/0!,#DIV/0!,#DIV/0!,#DIV/0!,#DIV/0!,#DIV/0!,#DIV/0!,#DIV/0!,,,,,RB,#DIV/0!,#DIV/0!,#DIV/0!,#DIV/0!,#DIV/0!,#DIV/0!,#DIV/0!,#DIV/0!,#DIV/0!,#DIV/0!,#DIV/0!,#DIV/0!,#DIV/0!,#DIV/0!,#DIV/0!,#DIV/0!,#DIV/0!,#DIV/0!,,,,,WR,#DIV/0!,#DIV/0!,#DIV/0!,#DIV/0!,#DIV/0!,#DIV/0!,#DIV/0!,#DIV/0!,#DIV/0!,#DIV/0!,#DIV/0!,#DIV/0!,#DIV/0!,#DIV/0!,#DIV/0!,#DIV/0!,#DIV/0!,#DIV/0!,,,,,BREAK,,,,,,,,,,,,,,,,,,,,,,,QB,1.0000,-0.0443,0.0352,0.7333,0.3063,0.0603,-0.2145,0.4383,0.2090,-0.1328,0.0616,-0.3652,0.3011,0.2616,0.2975,#DIV/0!,0.8512,-0.1335,,,,,RB,-0.0443,1.0000,0.3432,-0.3396,0.1006,0.2652,0.2867,0.3200,-0.0745,0.3857,-0.2123,0.4281,0.4474,0.9228,0.1037,#DIV/0!,-0.3192,-0.1191,,,,,RB,0.0352,0.3432,1.0000,-0.5890,0.4211,0.2517,0.3325,-0.0142,0.7347,#DIV/0!,-0.1465,0.0826,0.8926,0.9005,0.9230,#DIV/0!,-0.9522,0.0232,,,,,WR,0.7333,-0.3396,-0.5890,1.0000,0.0497,-0.1314,-0.5698,0.0320,-0.1683,-0.0538,-0.0278,-0.9882,-0.9099,-0.0930,-1.0000,#DIV/0!,0.8160,-0.5020,,,,,WR,0.3063,0.1006,0.4211,0.0497,1.0000,0.0241,-0.2100,-0.3710,0.5096,-0.6266,-0.2113,-0.5913,0.5024,0.7457,0.9946,#DIV/0!,-0.4352,0.9056,,,,,K,0.0603,0.2652,0.2517,-0.1314,0.0241,1.0000,0.4762,0.2641,0.2471,0.8548,-0.2383,0.3438,0.2112,0.8508,0.9988,#DIV/0!,-0.5400,0.0039,,,,,DEF,-0.2145,0.2867,0.3325,-0.5698,-0.2100,0.4762,1.0000,0.2142,-0.0374,0.7360,-0.2878,0.7450,0.0940,0.3102,0.5760,#DIV/0!,-0.8384,-0.0755,,,,,TE,0.4383,0.3200,-0.0142,0.0320,-0.3710,0.2641,0.2142,1.0000,0.1074,0.9725,0.0716,0.8607,0.0705,0.0909,-0.4608,#DIV/0!,0.9996,-0.6419,,,,,WR,0.2090,-0.0745,0.7347,-0.1683,0.5096,0.2471,-0.0374,0.1074,1.0000,-1.0000,0.7603,-0.4605,0.8930,0.5760,0.9992,#DIV/0!,-0.6842,-0.7183,,,,,RB,-0.1328,0.3857,#DIV/0!,-0.0538,-0.6266,0.8548,0.7360,0.9725,-1.0000,1.0000,-0.8345,1.0000,#DIV/0!,0.0487,#DIV/0!,#DIV/0!,-1.0000,#DIV/0!,,,,,WR,0.0616,-0.2123,-0.1465,-0.0278,-0.2113,-0.2383,-0.2878,0.0716,0.7603,-0.8345,1.0000,-0.9205,0.5405,0.1102,-1.0000,#DIV/0!,1.0000,-0.3170,,,,,TE,-0.3652,0.4281,0.0826,-0.9882,-0.5913,0.3438,0.7450,0.8607,-0.4605,1.0000,-0.9205,1.0000,#DIV/0!,1.0000,#DIV/0!,#DIV/0!,1.0000,#DIV/0!,,,,,WR,0.3011,0.4474,0.8926,-0.9099,0.5024,0.2112,0.0940,0.0705,0.8930,#DIV/0!,0.5405,#DIV/0!,1.0000,#DIV/0!,#DIV/0!,#DIV/0!,#DIV/0!,#DIV/0!,,,,,RB,0.2616,0.9228,0.9005,-0.0930,0.7457,0.8508,0.3102,0.0909,0.5760,0.0487,0.1102,1.0000,#DIV/0!,1.0000,0.8462,#DIV/0!,-0.6811,0.0822,,,,,WR,0.2975,0.1037,0.9230,-1.0000,0.9946,0.9988,0.5760,-0.4608,0.9992,#DIV/0!,-1.0000,#DIV/0!,#DIV/0!,0.8462,1.0000,#DIV/0!,-1.0000,1.0000,,,,,TE,#DIV/0!,#DIV/0!,#DIV/0!,#DIV/0!,#DIV/0!,#DIV/0!,#DIV/0!,#DIV/0!,#DIV/0!,#DIV/0!,#DIV/0!,#DIV/0!,#DIV/0!,#DIV/0!,#DIV/0!,#DIV/0!,#DIV/0!,#DIV/0!,,,,,TE,0.8512,-0.3192,-0.9522,0.8160,-0.4352,-0.5400,-0.8384,0.9996,-0.6842,-1.0000,1.0000,1.0000,#DIV/0!,-0.6811,-1.0000,#DIV/0!,1.0000,-0.7857,,,,,QB,-0.1335,-0.1191,0.0232,-0.5020,0.9056,0.0039,-0.0755,-0.6419,-0.7183,#DIV/0!,-0.3170,#DIV/0!,#DIV/0!,0.0822,1.0000,#DIV/0!,-0.7857,1.0000,,,,,BREAK,,,,,,,,,,,,,,,,,,,,,,,QB,1.0000,-0.1779,-0.5836,0.1030,0.0815,0.1751,0.6760,-0.1262,0.1082,-0.0182,0.6308,0.4869,0.6327,0.0201,-0.9821,#DIV/0!,#DIV/0!,0.5565,#DIV/0!,,,,RB,-0.1779,1.0000,0.1890,0.2710,0.0568,0.1827,-0.2786,-0.0510,0.1187,0.3078,0.0398,0.5661,-0.3642,0.3746,-0.0618,1.0000,#DIV/0!,-0.4594,#DIV/0!,,,,DEF,-0.5836,0.1890,1.0000,0.0310,0.0265,0.1388,-0.3184,0.0965,0.0823,-0.1024,-0.1582,-0.5456,-0.4845,0.5423,-0.3598,1.0000,#DIV/0!,-0.2004,#DIV/0!,,,,RB,0.1030,0.2710,0.0310,1.0000,-0.2568,0.1482,0.0677,0.2987,0.2916,0.5115,0.0366,0.3057,-0.4710,0.8872,-0.5772,#DIV/0!,#DIV/0!,-0.2903,#DIV/0!,,,,WR,0.0815,0.0568,0.0265,-0.2568,1.0000,-0.0967,0.2056,-0.1909,-0.6601,-0.4081,-0.1970,0.6870,0.0394,-0.3302,-0.2992,1.0000,#DIV/0!,-0.2525,#DIV/0!,,,,K,0.1751,0.1827,0.1388,0.1482,-0.0967,1.0000,-0.0353,-0.2536,0.3055,0.1435,0.1250,0.6996,-0.1738,0.0463,-1.0000,#DIV/0!,#DIV/0!,0.2875,#DIV/0!,,,,WR,0.6760,-0.2786,-0.3184,0.0677,0.2056,-0.0353,1.0000,-0.0916,-0.3843,-0.3554,0.4119,0.0015,0.5193,-0.2024,-0.5387,-1.0000,#DIV/0!,0.4952,#DIV/0!,,,,WR,-0.1262,-0.0510,0.0965,0.2987,-0.1909,-0.2536,-0.0916,1.0000,-0.0264,-0.4320,-0.2260,-1.0000,-0.2003,0.3831,-1.0000,#DIV/0!,#DIV/0!,-0.1877,#DIV/0!,,,,RB,0.1082,0.1187,0.0823,0.2916,-0.6601,0.3055,-0.3843,-0.0264,1.0000,0.8583,0.1982,#DIV/0!,-0.0297,0.5088,#DIV/0!,#DIV/0!,#DIV/0!,0.1994,#DIV/0!,,,,TE,-0.0182,0.3078,-0.1024,0.5115,-0.4081,0.1435,-0.3554,-0.4320,0.8583,1.0000,-0.1064,0.1902,-0.1092,0.6286,1.0000,1.0000,#DIV/0!,-0.3329,#DIV/0!,,,,WR,0.6308,0.0398,-0.1582,0.0366,-0.1970,0.1250,0.4119,-0.2260,0.1982,-0.1064,1.0000,-0.7266,0.6846,0.2006,-0.6463,-1.0000,#DIV/0!,0.8530,#DIV/0!,,,,WR,0.4869,0.5661,-0.5456,0.3057,0.6870,0.6996,0.0015,-1.0000,#DIV/0!,0.1902,-0.7266,1.0000,0.1465,1.0000,0.9802,#DIV/0!,#DIV/0!,#DIV/0!,#DIV/0!,,,,TE,0.6327,-0.3642,-0.4845,-0.4710,0.0394,-0.1738,0.5193,-0.2003,-0.0297,-0.1092,0.6846,0.1465,1.0000,-0.7941,0.9845,#DIV/0!,#DIV/0!,0.7784,#DIV/0!,,,,TE,0.0201,0.3746,0.5423,0.8872,-0.3302,0.0463,-0.2024,0.3831,0.5088,0.6286,0.2006,1.0000,-0.7941,1.0000,-1.0000,#DIV/0!,#DIV/0!,-0.5400,#DIV/0!,,,,QB,-0.9821,-0.0618,-0.3598,-0.5772,-0.2992,-1.0000,-0.5387,-1.0000,#DIV/0!,1.0000,-0.6463,0.9802,0.9845,-1.0000,1.0000,#DIV/0!,#DIV/0!,#DIV/0!,#DIV/0!,,,,K,#DIV/0!,1.0000,1.0000,#DIV/0!,1.0000,#DIV/0!,-1.0000,#DIV/0!,#DIV/0!,1.0000,-1.0000,#DIV/0!,#DIV/0!,#DIV/0!,#DIV/0!,1.0000,#DIV/0!,#DIV/0!,#DIV/0!,,,,QB,#DIV/0!,#DIV/0!,#DIV/0!,#DIV/0!,#DIV/0!,#DIV/0!,#DIV/0!,#DIV/0!,#DIV/0!,#DIV/0!,#DIV/0!,#DIV/0!,#DIV/0!,#DIV/0!,#DIV/0!,#DIV/0!,#DIV/0!,#DIV/0!,#DIV/0!,,,,RB,0.5565,-0.4594,-0.2004,-0.2903,-0.2525,0.2875,0.4952,-0.1877,0.1994,-0.3329,0.8530,#DIV/0!,0.7784,-0.5400,#DIV/0!,#DIV/0!,#DIV/0!,1.0000,#DIV/0!,,,,WR,#DIV/0!,#DIV/0!,#DIV/0!,#DIV/0!,#DIV/0!,#DIV/0!,#DIV/0!,#DIV/0!,#DIV/0!,#DIV/0!,#DIV/0!,#DIV/0!,#DIV/0!,#DIV/0!,#DIV/0!,#DIV/0!,#DIV/0!,#DIV/0!,#DIV/0!,,,,BREAK,,,,,,,,,,,,,,,,,,,,,,,RB,1.0000,-0.0893,-0.1934,0.4883,-0.2167,0.3462,-0.3582,0.2114,0.0819,0.1736,-0.0147,-0.0394,-0.0227,-0.7523,-0.3612,#DIV/0!,,,,,,,QB,-0.0893,1.0000,0.4397,0.0143,0.3102,0.3114,0.5269,0.3976,0.2329,0.2239,0.0556,-0.2222,-0.4413,0.3469,-0.2538,#DIV/0!,,,,,,,WR,-0.1934,0.4397,1.0000,0.2004,0.6090,-0.4059,0.2044,-0.0077,0.4180,-0.1848,-0.3842,-0.9929,-0.3014,0.3791,-0.8017,#DIV/0!,,,,,,,K,0.4883,0.0143,0.2004,1.0000,0.3063,-0.0806,-0.2333,0.1115,0.4834,-0.1195,-0.1170,-0.9181,-0.4287,-0.3807,-0.1925,#DIV/0!,,,,,,,DEF,-0.2167,0.3102,0.6090,0.3063,1.0000,-0.1804,0.2082,-0.1877,0.4958,-0.3436,-0.2471,-0.6201,-0.3562,-0.5219,-0.7256,#DIV/0!,,,,,,,WR,0.3462,0.3114,-0.4059,-0.0806,-0.1804,1.0000,0.1591,0.0949,-0.2200,0.0156,-0.0833,0.3764,0.2712,-0.7071,0.0628,#DIV/0!,,,,,,,TE,-0.3582,0.5269,0.2044,-0.2333,0.2082,0.1591,1.0000,0.0089,-0.0180,-0.2665,0.0105,0.0470,-0.5268,0.3176,-0.4640,#DIV/0!,,,,,,,WR,0.2114,0.3976,-0.0077,0.1115,-0.1877,0.0949,0.0089,1.0000,0.2566,0.3136,-0.1040,0.3800,-0.0222,0.8432,0.9540,#DIV/0!,,,,,,,RB,0.0819,0.2329,0.4180,0.4834,0.4958,-0.2200,-0.0180,0.2566,1.0000,-0.2654,-0.3658,-0.9901,-0.3449,-0.4651,#DIV/0!,#DIV/0!,,,,,,,TE,0.1736,0.2239,-0.1848,-0.1195,-0.3436,0.0156,-0.2665,0.3136,-0.2654,1.0000,0.0727,#DIV/0!,-0.5891,-0.5565,-1.0000,#DIV/0!,,,,,,,RB,-0.0147,0.0556,-0.3842,-0.1170,-0.2471,-0.0833,0.0105,-0.1040,-0.3658,0.0727,1.0000,0.6592,-0.0179,0.1886,-0.0877,#DIV/0!,,,,,,,QB,-0.0394,-0.2222,-0.9929,-0.9181,-0.6201,0.3764,0.0470,0.3800,-0.9901,#DIV/0!,0.6592,1.0000,0.6439,#DIV/0!,#DIV/0!,#DIV/0!,,,,,,,WR,-0.0227,-0.4413,-0.3014,-0.4287,-0.3562,0.2712,-0.5268,-0.0222,-0.3449,-0.5891,-0.0179,0.6439,1.0000,-0.6870,0.9677,#DIV/0!,,,,,,,TE,-0.7523,0.3469,0.3791,-0.3807,-0.5219,-0.7071,0.3176,0.8432,-0.4651,-0.5565,0.1886,#DIV/0!,-0.6870,1.0000,#DIV/0!,#DIV/0!,,,,,,,WR,-0.3612,-0.2538,-0.8017,-0.1925,-0.7256,0.0628,-0.4640,0.9540,#DIV/0!,-1.0000,-0.0877,#DIV/0!,0.9677,#DIV/0!,1.0000,#DIV/0!,,,,,,,RB,#DIV/0!,#DIV/0!,#DIV/0!,#DIV/0!,#DIV/0!,#DIV/0!,#DIV/0!,#DIV/0!,#DIV/0!,#DIV/0!,#DIV/0!,#DIV/0!,#DIV/0!,#DIV/0!,#DIV/0!,#DIV/0!,,,,,,,BREAK,,,,,,,,,,,,,,,,,,,,,,,QB,1.0000,0.5996,0.3008,-0.4427,0.4876,-0.4609,0.2145,0.7937,0.3284,0.1248,0.0623,0.1268,0.1556,-0.7173,-0.6440,-0.2305,-0.0247,0.9477,1.0000,,,,WR,0.5996,1.0000,-0.1579,0.0244,-0.0256,-0.2050,0.4000,0.3802,0.5555,0.3018,-0.0252,-0.3618,-0.2503,-0.0923,-0.5481,-0.4068,-0.6636,0.9274,1.0000,,,,WR,0.3008,-0.1579,1.0000,-0.2821,-0.3555,-0.3435,-0.0034,-0.2502,-0.7250,-0.2278,0.3476,-0.8162,0.0697,-0.4148,-0.2200,0.3240,0.1628,-0.9002,-1.0000,,,,RB,-0.4427,0.0244,-0.2821,1.0000,0.0374,0.5284,-0.4787,0.3982,0.0239,-0.0289,-0.2707,-0.4472,-0.6628,0.7099,0.7853,-0.2674,0.5129,-0.8728,-1.0000,,,,TE,0.4876,-0.0256,-0.3555,0.0374,1.0000,0.1677,-0.5586,0.6824,-1.0000,-0.0914,0.0125,0.7381,-0.0922,0.4142,0.9913,-0.2133,#DIV/0!,#DIV/0!,#DIV/0!,,,,DEF,-0.4609,-0.2050,-0.3435,0.5284,0.1677,1.0000,0.0061,0.2388,0.0085,-0.1501,0.0641,0.5381,-0.4747,0.6613,0.9046,-0.3348,-0.0310,-0.8288,1.0000,,,,RB,0.2145,0.4000,-0.0034,-0.4787,-0.5586,0.0061,1.0000,-0.4759,#DIV/0!,0.2557,-0.0015,-1.0000,-0.8032,-0.3562,-0.4547,#DIV/0!,1.0000,#DIV/0!,#DIV/0!,,,,K,0.7937,0.3802,-0.2502,0.3982,0.6824,0.2388,-0.4759,1.0000,#DIV/0!,0.1076,0.0524,0.3446,-0.1462,-0.4539,1.0000,-0.7715,#DIV/0!,#DIV/0!,#DIV/0!,,,,K,0.3284,0.5555,-0.7250,0.0239,-1.0000,0.0085,#DIV/0!,#DIV/0!,1.0000,-0.5150,-0.0442,#DIV/0!,0.1053,#DIV/0!,1.0000,#DIV/0!,#DIV/0!,0.6455,#DIV/0!,,,,WR,0.1248,0.3018,-0.2278,-0.0289,-0.0914,-0.1501,0.2557,0.1076,-0.5150,1.0000,-0.0092,0.9826,0.1208,-0.2835,-0.1359,-0.2454,0.9615,-0.9268,1.0000,,,,RB,0.0623,-0.0252,0.3476,-0.2707,0.0125,0.0641,-0.0015,0.0524,-0.0442,-0.0092,1.0000,1.0000,-0.3470,1.0000,-0.6254,-0.5214,-1.0000,-1.0000,-1.0000,,,,RB,0.1268,-0.3618,-0.8162,-0.4472,0.7381,0.5381,-1.0000,0.3446,#DIV/0!,0.9826,1.0000,1.0000,0.4656,-1.0000,#DIV/0!,-0.2204,#DIV/0!,#DIV/0!,#DIV/0!,,,,TE,0.1556,-0.2503,0.0697,-0.6628,-0.0922,-0.4747,-0.8032,-0.1462,0.1053,0.1208,-0.3470,0.4656,1.0000,#DIV/0!,#DIV/0!,0.0517,#DIV/0!,#DIV/0!,#DIV/0!,,,,TE,-0.7173,-0.0923,-0.4148,0.7099,0.4142,0.6613,-0.3562,-0.4539,#DIV/0!,-0.2835,1.0000,-1.0000,#DIV/0!,1.0000,1.0000,-0.3193,1.0000,#DIV/0!,#DIV/0!,,,,QB,-0.6440,-0.5481,-0.2200,0.7853,0.9913,0.9046,-0.4547,1.0000,1.0000,-0.1359,-0.6254,#DIV/0!,#DIV/0!,1.0000,1.0000,#DIV/0!,1.0000,-1.0000,#DIV/0!,,,,WR,-0.2305,-0.4068,0.3240,-0.2674,-0.2133,-0.3348,#DIV/0!,-0.7715,#DIV/0!,-0.2454,-0.5214,-0.2204,0.0517,-0.3193,#DIV/0!,1.0000,#DIV/0!,#DIV/0!,#DIV/0!,,,,WR,-0.0247,-0.6636,0.1628,0.5129,#DIV/0!,-0.0310,1.0000,#DIV/0!,#DIV/0!,0.9615,-1.0000,#DIV/0!,#DIV/0!,1.0000,1.0000,#DIV/0!,1.0000,#DIV/0!,#DIV/0!,,,,RB,0.9477,0.9274,-0.9002,-0.8728,#DIV/0!,-0.8288,#DIV/0!,#DIV/0!,0.6455,-0.9268,-1.0000,#DIV/0!,#DIV/0!,#DIV/0!,-1.0000,#DIV/0!,#DIV/0!,1.0000,#DIV/0!,,,,WR,1.0000,1.0000,-1.0000,-1.0000,#DIV/0!,1.0000,#DIV/0!,#DIV/0!,#DIV/0!,1.0000,-1.0000,#DIV/0!,#DIV/0!,#DIV/0!,#DIV/0!,#DIV/0!,#DIV/0!,#DIV/0!,1.0000,,,,BREAK,,,,,,,,,,,,,,,,,,,,,,,QB,1.0000,0.1898,0.1704,0.5794,0.0418,0.1786,-0.5009,0.1060,0.5805,0.4908,-0.0235,0.5971,0.3046,0.5253,-0.3647,0.3017,1.0000,0.9175,#DIV/0!,#DIV/0!,,,RB,0.1898,1.0000,-0.2068,0.6340,0.4211,0.2933,-0.1690,0.0946,-0.3633,-0.2393,0.0407,0.6840,-0.2002,0.4121,0.0080,-0.0454,#DIV/0!,-1.0000,#DIV/0!,#DIV/0!,,,WR,0.1704,-0.2068,1.0000,-0.3168,-0.2738,0.3478,-0.3498,0.2775,0.2566,0.0196,0.4889,-0.4710,-0.0431,0.7597,0.4101,0.8358,-1.0000,-0.9397,#DIV/0!,#DIV/0!,,,WR,0.5794,0.6340,-0.3168,1.0000,0.1734,0.1758,-0.1070,0.3269,-0.2526,-0.2599,0.2611,0.4156,0.0750,0.8298,-0.8692,-0.3678,1.0000,1.0000,#DIV/0!,#DIV/0!,,,DEF,0.0418,0.4211,-0.2738,0.1734,1.0000,-0.1812,-0.0961,0.3088,-0.2013,-0.1071,-0.1126,0.6415,-0.2176,0.2515,0.3157,-0.3494,-1.0000,-0.3620,#DIV/0!,#DIV/0!,,,K,0.1786,0.2933,0.3478,0.1758,-0.1812,1.0000,-0.1069,-0.3468,-0.0766,-0.3802,0.0677,0.5796,0.1082,#DIV/0!,-0.9745,-1.0000,#DIV/0!,#DIV/0!,#DIV/0!,#DIV/0!,,,RB,-0.5009,-0.1690,-0.3498,-0.1070,-0.0961,-0.1069,1.0000,-0.2566,-0.0549,-0.3383,0.0645,-0.6497,-0.6928,0.3038,-0.3896,-0.4776,1.0000,1.0000,#DIV/0!,#DIV/0!,,,RB,0.1060,0.0946,0.2775,0.3269,0.3088,-0.3468,-0.2566,1.0000,-0.0675,0.0075,0.3218,-0.7319,-0.3666,0.3018,0.3259,-0.3723,#DIV/0!,-1.0000,#DIV/0!,#DIV/0!,,,WR,0.5805,-0.3633,0.2566,-0.2526,-0.2013,-0.0766,-0.0549,-0.0675,1.0000,0.8666,0.0174,-0.6525,-0.2472,1.0000,0.0797,0.4862,1.0000,0.9995,#DIV/0!,#DIV/0!,,,TE,0.4908,-0.2393,0.0196,-0.2599,-0.1071,-0.3802,-0.3383,0.0075,0.8666,1.0000,-0.3383,0.2709,0.5784,-0.8963,-0.2916,0.5698,1.0000,1.0000,#DIV/0!,#DIV/0!,,,WR,-0.0235,0.0407,0.4889,0.2611,-0.1126,0.0677,0.0645,0.3218,0.0174,-0.3383,1.0000,-0.5865,-0.4087,1.0000,-0.5944,0.4689,1.0000,-0.2811,#DIV/0!,#DIV/0!,,,TE,0.5971,0.6840,-0.4710,0.4156,0.6415,0.5796,-0.6497,-0.7319,-0.6525,0.2709,-0.5865,1.0000,1.0000,0.1890,#DIV/0!,0.6868,#DIV/0!,#DIV/0!,#DIV/0!,#DIV/0!,,,RB,0.3046,-0.2002,-0.0431,0.0750,-0.2176,0.1082,-0.6928,-0.3666,-0.2472,0.5784,-0.4087,1.0000,1.0000,-1.0000,-0.6658,#DIV/0!,#DIV/0!,#DIV/0!,#DIV/0!,#DIV/0!,,,K,0.5253,0.4121,0.7597,0.8298,0.2515,#DIV/0!,0.3038,0.3018,1.0000,-0.8963,1.0000,0.1890,-1.0000,1.0000,#DIV/0!,0.8322,#DIV/0!,#DIV/0!,#DIV/0!,#DIV/0!,,,RB,-0.3647,0.0080,0.4101,-0.8692,0.3157,-0.9745,-0.3896,0.3259,0.0797,-0.2916,-0.5944,#DIV/0!,-0.6658,#DIV/0!,1.0000,#DIV/0!,#DIV/0!,-1.0000,#DIV/0!,#DIV/0!,,,TE,0.3017,-0.0454,0.8358,-0.3678,-0.3494,-1.0000,-0.4776,-0.3723,0.4862,0.5698,0.4689,0.6868,#DIV/0!,0.8322,#DIV/0!,1.0000,1.0000,1.0000,#DIV/0!,#DIV/0!,,,K,1.0000,#DIV/0!,-1.0000,1.0000,-1.0000,#DIV/0!,1.0000,#DIV/0!,1.0000,1.0000,1.0000,#DIV/0!,#DIV/0!,#DIV/0!,#DIV/0!,1.0000,1.0000,1.0000,#DIV/0!,#DIV/0!,,,WR,0.9175,-1.0000,-0.9397,1.0000,-0.3620,#DIV/0!,1.0000,-1.0000,0.9995,1.0000,-0.2811,#DIV/0!,#DIV/0!,#DIV/0!,-1.0000,1.0000,1.0000,1.0000,#DIV/0!,#DIV/0!,,,TE,#DIV/0!,#DIV/0!,#DIV/0!,#DIV/0!,#DIV/0!,#DIV/0!,#DIV/0!,#DIV/0!,#DIV/0!,#DIV/0!,#DIV/0!,#DIV/0!,#DIV/0!,#DIV/0!,#DIV/0!,#DIV/0!,#DIV/0!,#DIV/0!,#DIV/0!,#DIV/0!,,,TE,#DIV/0!,#DIV/0!,#DIV/0!,#DIV/0!,#DIV/0!,#DIV/0!,#DIV/0!,#DIV/0!,#DIV/0!,#DIV/0!,#DIV/0!,#DIV/0!,#DIV/0!,#DIV/0!,#DIV/0!,#DIV/0!,#DIV/0!,#DIV/0!,#DIV/0!,#DIV/0!,,,BREAK,,,,,,,,,,,,,,,,,,,,,,,QB,1.0000,0.2048,0.6568,0.3453,0.1671,0.7038,0.2505,0.1047,0.0912,0.1237,-0.5830,0.6888,1.0000,-0.2144,#DIV/0!,#DIV/0!,0.4349,,,,,,RB,0.2048,1.0000,0.0466,-0.1569,0.3611,0.3107,-0.1333,0.0123,-0.1712,-0.1238,-0.4448,0.4506,1.0000,-0.9216,#DIV/0!,#DIV/0!,-0.1993,,,,,,WR,0.6568,0.0466,1.0000,0.1451,0.1163,0.5731,-0.1875,0.4670,0.1298,-0.4353,-0.2180,0.6775,1.0000,-0.2971,#DIV/0!,#DIV/0!,0.6212,,,,,,WR,0.3453,-0.1569,0.1451,1.0000,-0.0728,0.0814,0.2521,-0.1456,-0.6903,0.0792,-0.1284,-0.1403,-1.0000,-0.5920,#DIV/0!,#DIV/0!,-0.1191,,,,,,DEF,0.1671,0.3611,0.1163,-0.0728,1.0000,-0.0587,0.0316,-0.2438,0.1439,-0.3552,-0.2398,0.8250,1.0000,-0.4445,#DIV/0!,#DIV/0!,0.5446,,,,,,K,0.7038,0.3107,0.5731,0.0814,-0.0587,1.0000,0.3495,0.2214,-0.0704,0.0525,-0.3055,0.5720,1.0000,-0.3936,#DIV/0!,#DIV/0!,-0.0185,,,,,,WR,0.2505,-0.1333,-0.1875,0.2521,0.0316,0.3495,1.0000,-0.0234,-0.3821,0.3950,-0.5373,-0.5974,-1.0000,0.1753,#DIV/0!,#DIV/0!,-0.3340,,,,,,RB,0.1047,0.0123,0.4670,-0.1456,-0.2438,0.2214,-0.0234,1.0000,0.0081,-0.4403,-0.0985,-0.5079,-1.0000,0.7264,#DIV/0!,#DIV/0!,0.0252,,,,,,TE,0.0912,-0.1712,0.1298,-0.6903,0.1439,-0.0704,-0.3821,0.0081,1.0000,-0.0417,0.0827,0.3253,1.0000,0.4528,#DIV/0!,#DIV/0!,0.2903,,,,,,TE,0.1237,-0.1238,-0.4353,0.0792,-0.3552,0.0525,0.3950,-0.4403,-0.0417,1.0000,-0.1398,-0.2612,1.0000,0.5384,#DIV/0!,#DIV/0!,-0.3026,,,,,,RB,-0.5830,-0.4448,-0.2180,-0.1284,-0.2398,-0.3055,-0.5373,-0.0985,0.0827,-0.1398,1.0000,-0.0336,1.0000,-0.3798,#DIV/0!,#DIV/0!,-0.1425,,,,,,RB,0.6888,0.4506,0.6775,-0.1403,0.8250,0.5720,-0.5974,-0.5079,0.3253,-0.2612,-0.0336,1.0000,1.0000,-0.9549,#DIV/0!,#DIV/0!,0.6402,,,,,,TE,1.0000,1.0000,1.0000,-1.0000,1.0000,1.0000,-1.0000,-1.0000,1.0000,1.0000,1.0000,1.0000,1.0000,#DIV/0!,#DIV/0!,#DIV/0!,1.0000,,,,,,WR,-0.2144,-0.9216,-0.2971,-0.5920,-0.4445,-0.3936,0.1753,0.7264,0.4528,0.5384,-0.3798,-0.9549,#DIV/0!,1.0000,#DIV/0!,#DIV/0!,#DIV/0!,,,,,,WR,#DIV/0!,#DIV/0!,#DIV/0!,#DIV/0!,#DIV/0!,#DIV/0!,#DIV/0!,#DIV/0!,#DIV/0!,#DIV/0!,#DIV/0!,#DIV/0!,#DIV/0!,#DIV/0!,#DIV/0!,#DIV/0!,#DIV/0!,,,,,,WR,#DIV/0!,#DIV/0!,#DIV/0!,#DIV/0!,#DIV/0!,#DIV/0!,#DIV/0!,#DIV/0!,#DIV/0!,#DIV/0!,#DIV/0!,#DIV/0!,#DIV/0!,#DIV/0!,#DIV/0!,#DIV/0!,#DIV/0!,,,,,,QB,0.4349,-0.1993,0.6212,-0.1191,0.5446,-0.0185,-0.3340,0.0252,0.2903,-0.3026,-0.1425,0.6402,1.0000,#DIV/0!,#DIV/0!,#DIV/0!,1.0000,,,,,,BREAK,,,,,,,,,,,,,,,,,,,,,,,RB,1.0000,-0.1041,-0.1173,-0.1131,-0.0207,-0.2192,-0.0007,0.1972,-0.7281,-0.3387,-1.0000,#DIV/0!,0.0801,-0.0492,0.1556,#DIV/0!,-1.0000,#DIV/0!,-1.0000,,,,QB,-0.1041,1.0000,0.8532,0.0470,0.1719,0.0635,-0.0251,-0.0663,0.3862,0.1902,#DIV/0!,#DIV/0!,0.9410,0.5061,0.7642,#DIV/0!,-1.0000,1.0000,-1.0000,,,,WR,-0.1173,0.8532,1.0000,0.2849,-0.0512,-0.1889,-0.3803,-0.3051,-0.0572,-0.4011,-1.0000,0.0560,0.8182,-0.5152,0.7125,#DIV/0!,0.5711,1.0000,-1.0000,,,,DEF,-0.1131,0.0470,0.2849,1.0000,-0.2965,-0.1348,-0.5887,-0.2826,-0.4072,-0.3215,-1.0000,-0.5817,0.3222,-0.1922,-0.2476,#DIV/0!,0.8322,-1.0000,1.0000,,,,K,-0.0207,0.1719,-0.0512,-0.2965,1.0000,-0.2260,-0.0060,-0.1710,0.3323,-0.5423,-1.0000,-0.1448,0.3233,0.8142,0.0182,#DIV/0!,-0.0822,-1.0000,-1.0000,,,,WR,-0.2192,0.0635,-0.1889,-0.1348,-0.2260,1.0000,0.1909,-0.0513,-0.1131,0.3408,1.0000,-0.0501,-0.0214,-0.2725,0.4217,#DIV/0!,0.1801,-1.0000,#DIV/0!,,,,RB,-0.0007,-0.0251,-0.3803,-0.5887,-0.0060,0.1909,1.0000,0.3470,0.8594,0.8735,1.0000,0.9778,-0.3200,-0.2601,-0.1455,#DIV/0!,-0.2959,1.0000,1.0000,,,,WR,0.1972,-0.0663,-0.3051,-0.2826,-0.1710,-0.0513,0.3470,1.0000,0.1225,0.3226,1.0000,0.9335,-0.4346,0.1239,0.0542,#DIV/0!,-0.5702,1.0000,1.0000,,,,TE,-0.7281,0.3862,-0.0572,-0.4072,0.3323,-0.1131,0.8594,0.1225,1.0000,0.8456,#DIV/0!,0.9770,-1.0000,-0.4285,0.2187,#DIV/0!,-1.0000,1.0000,#DIV/0!,,,,RB,-0.3387,0.1902,-0.4011,-0.3215,-0.5423,0.3408,0.8735,0.3226,0.8456,1.0000,1.0000,0.8786,-0.4105,#DIV/0!,-0.9503,#DIV/0!,#DIV/0!,1.0000,#DIV/0!,,,,QB,-1.0000,#DIV/0!,-1.0000,-1.0000,-1.0000,1.0000,1.0000,1.0000,#DIV/0!,1.0000,1.0000,#DIV/0!,-1.0000,#DIV/0!,#DIV/0!,#DIV/0!,#DIV/0!,#DIV/0!,#DIV/0!,,,,QB,#DIV/0!,#DIV/0!,0.0560,-0.5817,-0.1448,-0.0501,0.9778,0.9335,0.9770,0.8786,#DIV/0!,1.0000,#DIV/0!,#DIV/0!,1.0000,#DIV/0!,#DIV/0!,#DIV/0!,#DIV/0!,,,,TE,0.0801,0.9410,0.8182,0.3222,0.3233,-0.0214,-0.3200,-0.4346,-1.0000,-0.4105,-1.0000,#DIV/0!,1.0000,1.0000,0.9944,#DIV/0!,#DIV/0!,#DIV/0!,-1.0000,,,,TE,-0.0492,0.5061,-0.5152,-0.1922,0.8142,-0.2725,-0.2601,0.1239,-0.4285,#DIV/0!,#DIV/0!,#DIV/0!,1.0000,1.0000,1.0000,#DIV/0!,-1.0000,#DIV/0!,#DIV/0!,,,,WR,0.1556,0.7642,0.7125,-0.2476,0.0182,0.4217,-0.1455,0.0542,0.2187,-0.9503,#DIV/0!,1.0000,0.9944,1.0000,1.0000,#DIV/0!,-1.0000,#DIV/0!,#DIV/0!,,,,WR,#DIV/0!,#DIV/0!,#DIV/0!,#DIV/0!,#DIV/0!,#DIV/0!,#DIV/0!,#DIV/0!,#DIV/0!,#DIV/0!,#DIV/0!,#DIV/0!,#DIV/0!,#DIV/0!,#DIV/0!,#DIV/0!,#DIV/0!,#DIV/0!,#DIV/0!,,,,RB,-1.0000,-1.0000,0.5711,0.8322,-0.0822,0.1801,-0.2959,-0.5702,-1.0000,#DIV/0!,#DIV/0!,#DIV/0!,#DIV/0!,-1.0000,-1.0000,#DIV/0!,1.0000,#DIV/0!,#DIV/0!,,,,RB,#DIV/0!,1.0000,1.0000,-1.0000,-1.0000,-1.0000,1.0000,1.0000,1.0000,1.0000,#DIV/0!,#DIV/0!,#DIV/0!,#DIV/0!,#DIV/0!,#DIV/0!,#DIV/0!,1.0000,#DIV/0!,,,,QB,-1.0000,-1.0000,-1.0000,1.0000,-1.0000,#DIV/0!,1.0000,1.0000,#DIV/0!,#DIV/0!,#DIV/0!,#DIV/0!,-1.0000,#DIV/0!,#DIV/0!,#DIV/0!,#DIV/0!,#DIV/0!,1.0000,,,,BREAK,,,,,,,,,,,,,,,,,,,,,,,QB,1.0000,0.2220,0.6680,0.3652,-0.0536,0.4719,0.2860,0.4237,0.5592,-0.0414,0.4460,-0.1159,-0.3353,-0.8005,-1.0000,#DIV/0!,1.0000,,,,,,WR,0.2220,1.0000,0.1787,-0.2481,0.2233,0.1430,0.2989,-0.3441,-0.4373,-0.5311,0.3693,-0.0234,-0.4807,-0.9835,#DIV/0!,#DIV/0!,1.0000,,,,,,K,0.6680,0.1787,1.0000,0.1953,0.0882,0.3707,0.4616,0.4349,0.4642,-0.1835,0.0333,-0.4728,-0.1494,-0.6848,-1.0000,#DIV/0!,1.0000,,,,,,TE,0.3652,-0.2481,0.1953,1.0000,-0.5007,0.4911,-0.3294,0.2711,0.2956,0.1803,0.3845,0.4572,-0.0714,0.2996,-1.0000,#DIV/0!,-1.0000,,,,,,RB,-0.0536,0.2233,0.0882,-0.5007,1.0000,-0.0578,0.5547,-0.5409,-0.6468,-0.4948,0.2596,0.3505,0.7498,1.0000,#DIV/0!,#DIV/0!,1.0000,,,,,,DEF,0.4719,0.1430,0.3707,0.4911,-0.0578,1.0000,0.1633,0.0556,0.3081,0.1257,0.5167,0.1858,-0.4372,-0.7230,-1.0000,#DIV/0!,-1.0000,,,,,,RB,0.2860,0.2989,0.4616,-0.3294,0.5547,0.1633,1.0000,0.2310,0.3373,-0.4451,-0.2245,-0.4415,-0.2441,-0.8819,-1.0000,#DIV/0!,#DIV/0!,,,,,,WR,0.4237,-0.3441,0.4349,0.2711,-0.5409,0.0556,0.2310,1.0000,0.5552,0.0954,-0.2024,-0.4838,-0.0534,-0.5082,-1.0000,#DIV/0!,#DIV/0!,,,,,,TE,0.5592,-0.4373,0.4642,0.2956,-0.6468,0.3081,0.3373,0.5552,1.0000,0.2946,0.0611,-0.5675,-0.6471,-0.9875,#DIV/0!,#DIV/0!,-1.0000,,,,,,WR,-0.0414,-0.5311,-0.1835,0.1803,-0.4948,0.1257,-0.4451,0.0954,0.2946,1.0000,-0.1377,-0.1677,-0.2385,-0.0051,1.0000,#DIV/0!,-1.0000,,,,,,WR,0.4460,0.3693,0.0333,0.3845,0.2596,0.5167,-0.2245,-0.2024,0.0611,-0.1377,1.0000,0.4106,-0.2503,-0.5081,-1.0000,#DIV/0!,#DIV/0!,,,,,,RB,-0.1159,-0.0234,-0.4728,0.4572,0.3505,0.1858,-0.4415,-0.4838,-0.5675,-0.1677,0.4106,1.0000,0.0510,0.8878,-1.0000,#DIV/0!,#DIV/0!,,,,,,TE,-0.3353,-0.4807,-0.1494,-0.0714,0.7498,-0.4372,-0.2441,-0.0534,-0.6471,-0.2385,-0.2503,0.0510,1.0000,0.8544,-1.0000,#DIV/0!,#DIV/0!,,,,,,QB,-0.8005,-0.9835,-0.6848,0.2996,1.0000,-0.7230,-0.8819,-0.5082,-0.9875,-0.0051,-0.5081,0.8878,0.8544,1.0000,-1.0000,#DIV/0!,#DIV/0!,,,,,,RB,-1.0000,#DIV/0!,-1.0000,-1.0000,#DIV/0!,-1.0000,-1.0000,-1.0000,#DIV/0!,1.0000,-1.0000,-1.0000,-1.0000,-1.0000,1.0000,#DIV/0!,#DIV/0!,,,,,,WR,#DIV/0!,#DIV/0!,#DIV/0!,#DIV/0!,#DIV/0!,#DIV/0!,#DIV/0!,#DIV/0!,#DIV/0!,#DIV/0!,#DIV/0!,#DIV/0!,#DIV/0!,#DIV/0!,#DIV/0!,#DIV/0!,#DIV/0!,,,,,,WR,1.0000,1.0000,1.0000,-1.0000,1.0000,-1.0000,#DIV/0!,#DIV/0!,-1.0000,-1.0000,#DIV/0!,#DIV/0!,#DIV/0!,#DIV/0!,#DIV/0!,#DIV/0!,1.0000,,,,,,BREAK,,,,,,,,,,,,,,,,,,,,,,,QB,1.0000,0.1549,0.3871,-0.0552,-0.3755,-0.1945,0.1245,0.2015,-0.1144,0.4847,0.3858,0.1928,#DIV/0!,0.3444,0.3867,0.6087,-0.9594,-0.1088,#DIV/0!,#DIV/0!,,,DEF,0.1549,1.0000,0.0129,0.0630,0.0766,-0.2151,-0.3563,-0.2962,0.1436,0.5764,-0.4881,-0.6431,0.8430,0.4162,-0.4093,-0.8791,0.8845,0.6915,#DIV/0!,#DIV/0!,,,WR,0.3871,0.0129,1.0000,-0.0371,0.0565,-0.5949,0.3437,0.0109,-0.3155,0.2834,-0.2840,-0.0284,0.3613,-0.5843,0.2770,0.5872,0.4491,0.1056,#DIV/0!,#DIV/0!,,,RB,-0.0552,0.0630,-0.0371,1.0000,-0.0764,0.4112,-0.2