QB,1.0000,-0.1647,0.0738,-0.0706,0.1739,0.4094,0.3920,-0.2270,0.0645,0.6001,0.5880,-0.0798,0.3849,0.1849,0.9208,0.2769,#DIV/0!,0.7427,,,,,,,,RB,-0.1647,1.0000,-0.3074,0.3281,0.0711,0.1451,-0.1847,-0.2620,0.0169,0.2375,-0.3098,-0.6095,-0.0278,0.2683,0.2306,0.2812,#DIV/0!,0.2957,,,,,,,,WR,0.0738,-0.3074,1.0000,0.4416,-0.4819,-0.1636,-0.2064,0.3582,0.2058,-0.2255,0.2393,-0.0190,0.8740,-0.4198,0.6990,-0.1032,#DIV/0!,-0.2542,,,,,,,,DEF,-0.0706,0.3281,0.4416,1.0000,-0.2057,-0.0011,-0.1037,0.6634,0.0843,0.0645,-0.2846,-0.0867,0.5737,-0.5506,0.9994,-0.2268,#DIV/0!,0.4037,,,,,,,,WR,0.1739,0.0711,-0.4819,-0.2057,1.0000,-0.1234,-0.1041,-0.1254,-0.2165,0.2275,0.2663,-0.5239,-0.5872,0.2676,1.0000,0.3206,#DIV/0!,0.8696,,,,,,,,K,0.4094,0.1451,-0.1636,-0.0011,-0.1234,1.0000,0.4687,0.0319,0.3070,-0.0438,0.3193,0.1524,0.1755,0.1423,0.7996,-0.2972,#DIV/0!,0.6167,,,,,,,,WR,0.3920,-0.1847,-0.2064,-0.1037,-0.1041,0.4687,1.0000,-0.1890,0.1040,-0.3150,0.2058,0.5524,0.5591,-0.4831,0.8061,-0.0054,#DIV/0!,0.4178,,,,,,,,RB,-0.2270,-0.2620,0.3582,0.6634,-0.1254,0.0319,-0.1890,1.0000,-0.0492,-0.3773,0.5302,0.3294,-0.1909,#DIV/0!,1.0000,0.0442,#DIV/0!,-1.0000,,,,,,,,RB,0.0645,0.0169,0.2058,0.0843,-0.2165,0.3070,0.1040,-0.0492,1.0000,0.3078,-0.2224,0.2103,0.2161,#DIV/0!,-0.6005,1.0000,#DIV/0!,0.8249,,,,,,,,TE,0.6001,0.2375,-0.2255,0.0645,0.2275,-0.0438,-0.3150,-0.3773,0.3078,1.0000,0.5798,-0.3686,-0.0766,-0.7475,1.0000,0.3551,#DIV/0!,0.8027,,,,,,,,WR,0.5880,-0.3098,0.2393,-0.2846,0.2663,0.3193,0.2058,0.5302,-0.2224,0.5798,1.0000,-0.8065,0.9263,0.9281,1.0000,0.5622,#DIV/0!,0.6547,,,,,,,,TE,-0.0798,-0.6095,-0.0190,-0.0867,-0.5239,0.1524,0.5524,0.3294,0.2103,-0.3686,-0.8065,1.0000,-0.0624,0.9993,-0.0036,-0.4474,#DIV/0!,-0.9398,,,,,,,,WR,0.3849,-0.0278,0.8740,0.5737,-0.5872,0.1755,0.5591,-0.1909,0.2161,-0.0766,0.9263,-0.0624,1.0000,-0.3305,0.9994,1.0000,#DIV/0!,1.0000,,,,,,,,RB,0.1849,0.2683,-0.4198,-0.5506,0.2676,0.1423,-0.4831,#DIV/0!,#DIV/0!,-0.7475,0.9281,0.9993,-0.3305,1.0000,#DIV/0!,0.9975,#DIV/0!,-0.1868,,,,,,,,TE,0.9208,0.2306,0.6990,0.9994,1.0000,0.7996,0.8061,1.0000,-0.6005,1.0000,1.0000,-0.0036,0.9994,#DIV/0!,1.0000,#DIV/0!,#DIV/0!,#DIV/0!,,,,,,,,RB,0.2769,0.2812,-0.1032,-0.2268,0.3206,-0.2972,-0.0054,0.0442,1.0000,0.3551,0.5622,-0.4474,1.0000,0.9975,#DIV/0!,1.0000,#DIV/0!,0.8469,,,,,,,,WR,#DIV/0!,#DIV/0!,#DIV/0!,#DIV/0!,#DIV/0!,#DIV/0!,#DIV/0!,#DIV/0!,#DIV/0!,#DIV/0!,#DIV/0!,#DIV/0!,#DIV/0!,#DIV/0!,#DIV/0!,#DIV/0!,#DIV/0!,#DIV/0!,,,,,,,,QB,0.7427,0.2957,-0.2542,0.4037,0.8696,0.6167,0.4178,-1.0000,0.8249,0.8027,0.6547,-0.9398,1.0000,-0.1868,#DIV/0!,0.8469,#DIV/0!,1.0000,,,,,,,,BREAK,,,,,,,,,,,,,,,,,,,,,,,,,,RB,1.0000,-0.0959,0.1802,0.4132,0.0032,-0.2159,-0.1207,0.0115,-0.3604,-0.4035,-0.4395,-0.4423,0.5677,0.6353,-0.3251,0.2816,-1.0000,1.0000,,,,,,,,WR,-0.0959,1.0000,0.5322,-0.3796,-0.2166,0.4930,0.3705,-0.4082,0.1723,0.0719,-0.4007,0.0584,-0.4983,-0.0352,-0.6529,0.0456,1.0000,-1.0000,,,,,,,,QB,0.1802,0.5322,1.0000,-0.1670,0.0917,0.2102,-0.0031,0.1916,0.2095,-0.2147,-0.5446,0.1411,-0.0092,0.1604,0.9551,0.6036,1.0000,1.0000,,,,,,,,DEF,0.4132,-0.3796,-0.1670,1.0000,-0.0304,-0.1596,-0.4687,0.5440,-0.2766,0.9302,-0.2748,0.0658,0.8422,-0.2482,-0.9102,-0.4267,-1.0000,1.0000,,,,,,,,TE,0.0032,-0.2166,0.0917,-0.0304,1.0000,0.0940,-0.4009,0.1197,0.0112,-0.8322,0.0032,-0.2664,-0.2235,-0.0175,0.8609,0.1634,1.0000,#DIV/0!,,,,,,,,K,-0.2159,0.4930,0.2102,-0.1596,0.0940,1.0000,0.2013,-0.2905,0.3859,#DIV/0!,-0.5963,-0.5795,0.2284,0.8660,#DIV/0!,-0.5774,#DIV/0!,#DIV/0!,,,,,,,,WR,-0.1207,0.3705,-0.0031,-0.4687,-0.4009,0.2013,1.0000,-0.6567,0.6208,0.0065,0.0722,-0.0755,-0.4414,-0.0916,-0.9932,0.4681,-1.0000,-1.0000,,,,,,,,WR,0.0115,-0.4082,0.1916,0.5440,0.1197,-0.2905,-0.6567,1.0000,0.4709,#DIV/0!,0.0992,-0.0317,0.6929,#DIV/0!,#DIV/0!,-0.5367,#DIV/0!,#DIV/0!,,,,,,,,RB,-0.3604,0.1723,0.2095,-0.2766,0.0112,0.3859,0.6208,0.4709,1.0000,-0.9903,0.1273,0.0341,0.4916,0.0201,-1.0000,0.0214,-1.0000,#DIV/0!,,,,,,,,K,-0.4035,0.0719,-0.2147,0.9302,-0.8322,#DIV/0!,0.0065,#DIV/0!,-0.9903,1.0000,-1.0000,1.0000,-0.9449,0.4617,-1.0000,-1.0000,#DIV/0!,#DIV/0!,,,,,,,,WR,-0.4395,-0.4007,-0.5446,-0.2748,0.0032,-0.5963,0.0722,0.0992,0.1273,-1.0000,1.0000,0.2177,-0.2877,0.4743,#DIV/0!,-0.1708,#DIV/0!,-1.0000,,,,,,,,RB,-0.4423,0.0584,0.1411,0.0658,-0.2664,-0.5795,-0.0755,-0.0317,0.0341,1.0000,0.2177,1.0000,-0.1747,-0.6068,1.0000,0.5461,#DIV/0!,-1.0000,,,,,,,,RB,0.5677,-0.4983,-0.0092,0.8422,-0.2235,0.2284,-0.4414,0.6929,0.4916,-0.9449,-0.2877,-0.1747,1.0000,-0.2152,1.0000,-0.7521,#DIV/0!,#DIV/0!,,,,,,,,WR,0.6353,-0.0352,0.1604,-0.2482,-0.0175,0.8660,-0.0916,#DIV/0!,0.0201,0.4617,0.4743,-0.6068,-0.2152,1.0000,-1.0000,0.3392,-1.0000,#DIV/0!,,,,,,,,TE,-0.3251,-0.6529,0.9551,-0.9102,0.8609,#DIV/0!,-0.9932,#DIV/0!,-1.0000,-1.0000,#DIV/0!,1.0000,1.0000,-1.0000,1.0000,1.0000,#DIV/0!,#DIV/0!,,,,,,,,TE,0.2816,0.0456,0.6036,-0.4267,0.1634,-0.5774,0.4681,-0.5367,0.0214,-1.0000,-0.1708,0.5461,-0.7521,0.3392,1.0000,1.0000,1.0000,#DIV/0!,,,,,,,,WR,-1.0000,1.0000,1.0000,-1.0000,1.0000,#DIV/0!,-1.0000,#DIV/0!,-1.0000,#DIV/0!,#DIV/0!,#DIV/0!,#DIV/0!,-1.0000,#DIV/0!,1.0000,1.0000,#DIV/0!,,,,,,,,QB,1.0000,-1.0000,1.0000,1.0000,#DIV/0!,#DIV/0!,-1.0000,#DIV/0!,#DIV/0!,#DIV/0!,-1.0000,-1.0000,#DIV/0!,#DIV/0!,#DIV/0!,#DIV/0!,#DIV/0!,1.0000,,,,,,,,BREAK,,,,,,,,,,,,,,,,,,,,,,,,,,QB,1.0000,0.2303,0.1066,-0.1550,0.2099,0.6727,-0.4398,0.4313,0.3747,0.1527,-1.0000,0.1920,#DIV/0!,#DIV/0!,#DIV/0!,#DIV/0!,#DIV/0!,0.4854,0.4120,-0.5241,-0.0407,#DIV/0!,0.4090,-1.0000,#DIV/0!,WR,0.2303,1.0000,-0.0621,-0.0976,0.2073,0.1717,-0.0968,0.1312,0.0360,-0.1898,0.1886,0.0188,-1.0000,1.0000,1.0000,0.4136,-0.8003,-0.3651,-1.0000,-0.6742,1.0000,-0.5969,0.5272,1.0000,#DIV/0!,K,0.1066,-0.0621,1.0000,0.0048,-0.0445,-0.2524,-0.1915,0.3987,-0.3044,-0.0190,0.1011,-0.4632,-1.0000,-1.0000,1.0000,-0.3997,0.7807,-0.6815,0.8921,-0.3121,0.8934,0.0838,0.5515,1.0000,#DIV/0!,RB,-0.1550,-0.0976,0.0048,1.0000,-0.0539,-0.6217,0.1210,-0.4218,-0.1703,0.3117,-0.3395,-0.1653,1.0000,-1.0000,-1.0000,0.2480,0.9702,-0.3714,-0.7044,-0.3406,-0.3329,-0.1238,0.1917,-1.0000,#DIV/0!,RB,0.2099,0.2073,-0.0445,-0.0539,1.0000,-0.5311,-0.5001,0.0079,0.5932,-0.5507,-1.0000,-0.4162,#DIV/0!,#DIV/0!,#DIV/0!,#DIV/0!,#DIV/0!,0.0340,0.0792,-0.5743,0.9405,#DIV/0!,0.3963,-1.0000,#DIV/0!,WR,0.6727,0.1717,-0.2524,-0.6217,-0.5311,1.0000,0.2424,0.0350,-0.1895,-0.6156,#DIV/0!,0.7524,#DIV/0!,#DIV/0!,#DIV/0!,#DIV/0!,#DIV/0!,0.5814,-0.2289,0.2811,-0.3504,#DIV/0!,0.7649,#DIV/0!,#DIV/0!,DEF,-0.4398,-0.0968,-0.1915,0.1210,-0.5001,0.2424,1.0000,-0.2415,-0.2874,0.1962,-0.6216,0.0771,1.0000,1.0000,1.0000,0.4892,0.8214,-0.0332,-0.7137,0.7194,-0.9912,-0.6164,-0.3076,#DIV/0!,#DIV/0!,TE,0.4313,0.1312,0.3987,-0.4218,0.0079,0.0350,-0.2415,1.0000,0.0407,0.1747,-0.1610,-0.0852,#DIV/0!,#DIV/0!,1.0000,1.0000,#DIV/0!,0.8177,1.0000,-0.3439,1.0000,-1.0000,-0.7361,#DIV/0!,#DIV/0!,RB,0.3747,0.0360,-0.3044,-0.1703,0.5932,-0.1895,-0.2874,0.0407,1.0000,-0.3093,0.0683,0.2113,-1.0000,1.0000,1.0000,0.3421,0.0644,0.5991,0.3466,-0.3450,-0.9527,-0.6063,-0.2637,-1.0000,#DIV/0!,WR,0.1527,-0.1898,-0.0190,0.3117,-0.5507,-0.6156,0.1962,0.1747,-0.3093,1.0000,-0.8721,0.7538,1.0000,1.0000,-1.0000,0.5819,0.6249,0.1486,#DIV/0!,-0.1184,#DIV/0!,-0.4680,-0.6335,#DIV/0!,#DIV/0!,WR,-1.0000,0.1886,0.1011,-0.3395,-1.0000,#DIV/0!,-0.6216,-0.1610,0.0683,-0.8721,1.0000,-0.6992,-1.0000,-1.0000,-1.0000,-0.5624,-0.8238,-0.5650,#DIV/0!,#DIV/0!,#DIV/0!,0.6750,#DIV/0!,#DIV/0!,#DIV/0!,TE,0.1920,0.0188,-0.4632,-0.1653,-0.4162,0.7524,0.0771,-0.0852,0.2113,0.7538,-0.6992,1.0000,-1.0000,1.0000,#DIV/0!,0.1144,0.1039,0.6102,-0.8051,0.0197,-0.3234,-1.0000,-0.9061,1.0000,#DIV/0!,QB,#DIV/0!,-1.0000,-1.0000,1.0000,#DIV/0!,#DIV/0!,1.0000,#DIV/0!,-1.0000,1.0000,-1.0000,-1.0000,1.0000,#DIV/0!,#DIV/0!,1.0000,1.0000,#DIV/0!,#DIV/0!,#DIV/0!,#DIV/0!,#DIV/0!,#DIV/0!,#DIV/0!,#DIV/0!,QB,#DIV/0!,1.0000,-1.0000,-1.0000,#DIV/0!,#DIV/0!,1.0000,#DIV/0!,1.0000,1.0000,-1.0000,1.0000,#DIV/0!,1.0000,#DIV/0!,1.0000,-1.0000,#DIV/0!,#DIV/0!,#DIV/0!,#DIV/0!,-1.0000,#DIV/0!,#DIV/0!,#DIV/0!,QB,#DIV/0!,1.0000,1.0000,-1.0000,#DIV/0!,#DIV/0!,1.0000,1.0000,1.0000,-1.0000,-1.0000,#DIV/0!,#DIV/0!,#DIV/0!,1.0000,1.0000,#DIV/0!,-1.0000,#DIV/0!,#DIV/0!,#DIV/0!,-1.0000,#DIV/0!,#DIV/0!,#DIV/0!,RB,#DIV/0!,0.4136,-0.3997,0.2480,#DIV/0!,#DIV/0!,0.4892,1.0000,0.3421,0.5819,-0.5624,0.1144,1.0000,1.0000,1.0000,1.0000,0.0743,-1.0000,#DIV/0!,#DIV/0!,#DIV/0!,-0.9456,#DIV/0!,#DIV/0!,#DIV/0!,WR,#DIV/0!,-0.8003,0.7807,0.9702,#DIV/0!,#DIV/0!,0.8214,#DIV/0!,0.0644,0.6249,-0.8238,0.1039,1.0000,-1.0000,#DIV/0!,0.0743,1.0000,#DIV/0!,#DIV/0!,#DIV/0!,#DIV/0!,1.0000,#DIV/0!,#DIV/0!,#DIV/0!,TE,0.4854,-0.3651,-0.6815,-0.3714,0.0340,0.5814,-0.0332,0.8177,0.5991,0.1486,-0.5650,0.6102,#DIV/0!,#DIV/0!,-1.0000,-1.0000,#DIV/0!,1.0000,-1.0000,-0.1968,-1.0000,1.0000,-0.5103,-1.0000,#DIV/0!,RB,0.4120,-1.0000,0.8921,-0.7044,0.0792,-0.2289,-0.7137,1.0000,0.3466,#DIV/0!,#DIV/0!,-0.8051,#DIV/0!,#DIV/0!,#DIV/0!,#DIV/0!,#DIV/0!,-1.0000,1.0000,-0.5259,1.0000,#DIV/0!,#DIV/0!,#DIV/0!,#DIV/0!,WR,-0.5241,-0.6742,-0.3121,-0.3406,-0.5743,0.2811,0.7194,-0.3439,-0.3450,-0.1184,#DIV/0!,0.0197,#DIV/0!,#DIV/0!,#DIV/0!,#DIV/0!,#DIV/0!,-0.1968,-0.5259,1.0000,-0.9484,#DIV/0!,-0.4669,1.0000,#DIV/0!,WR,-0.0407,1.0000,0.8934,-0.3329,0.9405,-0.3504,-0.9912,1.0000,-0.9527,#DIV/0!,#DIV/0!,-0.3234,#DIV/0!,#DIV/0!,#DIV/0!,#DIV/0!,#DIV/0!,-1.0000,1.0000,-0.9484,1.0000,#DIV/0!,#DIV/0!,#DIV/0!,#DIV/0!,WR,#DIV/0!,-0.5969,0.0838,-0.1238,#DIV/0!,#DIV/0!,-0.6164,-1.0000,-0.6063,-0.4680,0.6750,-1.0000,#DIV/0!,-1.0000,-1.0000,-0.9456,1.0000,1.0000,#DIV/0!,#DIV/0!,#DIV/0!,1.0000,#DIV/0!,#DIV/0!,#DIV/0!,WR,0.4090,0.5272,0.5515,0.1917,0.3963,0.7649,-0.3076,-0.7361,-0.2637,-0.6335,#DIV/0!,-0.9061,#DIV/0!,#DIV/0!,#DIV/0!,#DIV/0!,#DIV/0!,-0.5103,#DIV/0!,-0.4669,#DIV/0!,#DIV/0!,1.0000,#DIV/0!,#DIV/0!,TE,-1.0000,1.0000,1.0000,-1.0000,-1.0000,#DIV/0!,#DIV/0!,#DIV/0!,-1.0000,#DIV/0!,#DIV/0!,1.0000,#DIV/0!,#DIV/0!,#DIV/0!,#DIV/0!,#DIV/0!,-1.0000,#DIV/0!,1.0000,#DIV/0!,#DIV/0!,#DIV/0!,1.0000,#DIV/0!,RB,#DIV/0!,#DIV/0!,#DIV/0!,#DIV/0!,#DIV/0!,#DIV/0!,#DIV/0!,#DIV/0!,#DIV/0!,#DIV/0!,#DIV/0!,#DIV/0!,#DIV/0!,#DIV/0!,#DIV/0!,#DIV/0!,#DIV/0!,#DIV/0!,#DIV/0!,#DIV/0!,#DIV/0!,#DIV/0!,#DIV/0!,#DIV/0!,#DIV/0!,BREAK,,,,,,,,,,,,,,,,,,,,,,,,,,QB,1.0000,0.5380,-0.5833,-0.1828,-0.2850,-0.1561,0.3901,0.4354,-0.2790,-0.3530,1.0000,-0.2071,0.4449,-0.5628,#DIV/0!,#DIV/0!,#DIV/0!,0.8745,#DIV/0!,1.0000,#DIV/0!,#DIV/0!,1.0000,1.0000,,WR,0.5380,1.0000,-0.2274,-0.1485,-0.3581,-0.5657,-0.0950,-0.2883,-0.6329,-0.0437,-0.1268,-1.0000,0.1033,0.9172,#DIV/0!,#DIV/0!,#DIV/0!,0.9372,#DIV/0!,#DIV/0!,#DIV/0!,#DIV/0!,#DIV/0!,1.0000,,RB,-0.5833,-0.2274,1.0000,0.0916,-0.1842,-0.1421,-0.3749,-0.4391,0.2673,-0.9070,0.7384,-0.7093,-0.0219,-0.0861,1.0000,1.0000,#DIV/0!,#DIV/0!,#DIV/0!,#DIV/0!,#DIV/0!,#DIV/0!,#DIV/0!,-1.0000,,RB,-0.1828,-0.1485,0.0916,1.0000,0.2619,0.4653,-0.2920,0.2685,0.1613,0.1741,-1.0000,-0.0209,0.7560,0.1424,#DIV/0!,#DIV/0!,#DIV/0!,-0.8538,#DIV/0!,#DIV/0!,#DIV/0!,#DIV/0!,#DIV/0!,#DIV/0!,,K,-0.2850,-0.3581,-0.1842,0.2619,1.0000,0.7343,0.1839,-0.0554,0.0633,-0.7447,-0.1837,0.8032,-0.0678,-0.0928,0.9707,-0.8049,#DIV/0!,-0.3592,#DIV/0!,1.0000,#DIV/0!,#DIV/0!,-1.0000,-1.0000,,DEF,-0.1561,-0.5657,-0.1421,0.4653,0.7343,1.0000,0.0419,0.2488,0.3364,-0.6866,-0.4054,0.5677,-0.0159,-0.0379,1.0000,-0.4126,#DIV/0!,-0.6934,#DIV/0!,-1.0000,#DIV/0!,#DIV/0!,1.0000,#DIV/0!,,WR,0.3901,-0.0950,-0.3749,-0.2920,0.1839,0.0419,1.0000,0.0416,-0.4288,-0.6064,0.5320,0.1250,0.2021,-0.4783,0.9740,-0.9033,#DIV/0!,#DIV/0!,#DIV/0!,1.0000,#DIV/0!,#DIV/0!,-1.0000,-1.0000,,TE,0.4354,-0.2883,-0.4391,0.2685,-0.0554,0.2488,0.0416,1.0000,-0.1682,-1.0000,-0.9043,0.1261,0.2505,-0.6318,-1.0000,-0.5314,#DIV/0!,#DIV/0!,#DIV/0!,1.0000,#DIV/0!,#DIV/0!,-1.0000,#DIV/0!,,WR,-0.2790,-0.6329,0.2673,0.1613,0.0633,0.3364,-0.4288,-0.1682,1.0000,0.7789,-0.2652,-0.1592,-0.3156,0.4650,0.7330,0.8159,#DIV/0!,-0.3154,#DIV/0!,-1.0000,#DIV/0!,#DIV/0!,1.0000,-1.0000,,RB,-0.3530,-0.0437,-0.9070,0.1741,-0.7447,-0.6866,-0.6064,-1.0000,0.7789,1.0000,#DIV/0!,#DIV/0!,0.9987,0.9620,#DIV/0!,#DIV/0!,#DIV/0!,0.3641,#DIV/0!,#DIV/0!,#DIV/0!,#DIV/0!,#DIV/0!,1.0000,,QB,1.0000,-0.1268,0.7384,-1.0000,-0.1837,-0.4054,0.5320,-0.9043,-0.2652,#DIV/0!,1.0000,#DIV/0!,0.9269,1.0000,1.0000,1.0000,#DIV/0!,#DIV/0!,#DIV/0!,#DIV/0!,#DIV/0!,#DIV/0!,#DIV/0!,#DIV/0!,,WR,-0.2071,-1.0000,-0.7093,-0.0209,0.8032,0.5677,0.1250,0.1261,-0.1592,#DIV/0!,#DIV/0!,1.0000,#DIV/0!,0.3514,#DIV/0!,#DIV/0!,#DIV/0!,#DIV/0!,#DIV/0!,#DIV/0!,#DIV/0!,#DIV/0!,-1.0000,#DIV/0!,,TE,0.4449,0.1033,-0.0219,0.7560,-0.0678,-0.0159,0.2021,0.2505,-0.3156,0.9987,0.9269,#DIV/0!,1.0000,-1.0000,0.9990,1.0000,#DIV/0!,-1.0000,#DIV/0!,#DIV/0!,#DIV/0!,#DIV/0!,#DIV/0!,1.0000,,RB,-0.5628,0.9172,-0.0861,0.1424,-0.0928,-0.0379,-0.4783,-0.6318,0.4650,0.9620,1.0000,0.3514,-1.0000,1.0000,#DIV/0!,#DIV/0!,#DIV/0!,1.0000,#DIV/0!,-1.0000,#DIV/0!,#DIV/0!,1.0000,#DIV/0!,,WR,#DIV/0!,#DIV/0!,1.0000,#DIV/0!,0.9707,1.0000,0.9740,-1.0000,0.7330,#DIV/0!,1.0000,#DIV/0!,0.9990,#DIV/0!,1.0000,#DIV/0!,#DIV/0!,#DIV/0!,#DIV/0!,#DIV/0!,#DIV/0!,#DIV/0!,#DIV/0!,#DIV/0!,,RB,#DIV/0!,#DIV/0!,1.0000,#DIV/0!,-0.8049,-0.4126,-0.9033,-0.5314,0.8159,#DIV/0!,1.0000,#DIV/0!,1.0000,#DIV/0!,#DIV/0!,1.0000,#DIV/0!,#DIV/0!,#DIV/0!,#DIV/0!,#DIV/0!,#DIV/0!,#DIV/0!,#DIV/0!,,WR,#DIV/0!,#DIV/0!,#DIV/0!,#DIV/0!,#DIV/0!,#DIV/0!,#DIV/0!,#DIV/0!,#DIV/0!,#DIV/0!,#DIV/0!,#DIV/0!,#DIV/0!,#DIV/0!,#DIV/0!,#DIV/0!,#DIV/0!,#DIV/0!,#DIV/0!,#DIV/0!,#DIV/0!,#DIV/0!,#DIV/0!,#DIV/0!,,TE,0.8745,0.9372,#DIV/0!,-0.8538,-0.3592,-0.6934,#DIV/0!,#DIV/0!,-0.3154,0.3641,#DIV/0!,#DIV/0!,-1.0000,1.0000,#DIV/0!,#DIV/0!,#DIV/0!,1.0000,#DIV/0!,#DIV/0!,#DIV/0!,#DIV/0!,#DIV/0!,#DIV/0!,,WR,#DIV/0!,#DIV/0!,#DIV/0!,#DIV/0!,#DIV/0!,#DIV/0!,#DIV/0!,#DIV/0!,#DIV/0!,#DIV/0!,#DIV/0!,#DIV/0!,#DIV/0!,#DIV/0!,#DIV/0!,#DIV/0!,#DIV/0!,#DIV/0!,#DIV/0!,#DIV/0!,#DIV/0!,#DIV/0!,#DIV/0!,#DIV/0!,,RB,1.0000,#DIV/0!,#DIV/0!,#DIV/0!,1.0000,-1.0000,1.0000,1.0000,-1.0000,#DIV/0!,#DIV/0!,#DIV/0!,#DIV/0!,-1.0000,#DIV/0!,#DIV/0!,#DIV/0!,#DIV/0!,#DIV/0!,1.0000,#DIV/0!,#DIV/0!,#DIV/0!,#DIV/0!,,TE,#DIV/0!,#DIV/0!,#DIV/0!,#DIV/0!,#DIV/0!,#DIV/0!,#DIV/0!,#DIV/0!,#DIV/0!,#DIV/0!,#DIV/0!,#DIV/0!,#DIV/0!,#DIV/0!,#DIV/0!,#DIV/0!,#DIV/0!,#DIV/0!,#DIV/0!,#DIV/0!,#DIV/0!,#DIV/0!,#DIV/0!,#DIV/0!,,TE,#DIV/0!,#DIV/0!,#DIV/0!,#DIV/0!,#DIV/0!,#DIV/0!,#DIV/0!,#DIV/0!,#DIV/0!,#DIV/0!,#DIV/0!,#DIV/0!,#DIV/0!,#DIV/0!,#DIV/0!,#DIV/0!,#DIV/0!,#DIV/0!,#DIV/0!,#DIV/0!,#DIV/0!,#DIV/0!,#DIV/0!,#DIV/0!,,RB,1.0000,#DIV/0!,#DIV/0!,#DIV/0!,-1.0000,1.0000,-1.0000,-1.0000,1.0000,#DIV/0!,#DIV/0!,-1.0000,#DIV/0!,1.0000,#DIV/0!,#DIV/0!,#DIV/0!,#DIV/0!,#DIV/0!,#DIV/0!,#DIV/0!,#DIV/0!,1.0000,#DIV/0!,,RB,1.0000,1.0000,-1.0000,#DIV/0!,-1.0000,#DIV/0!,-1.0000,#DIV/0!,-1.0000,1.0000,#DIV/0!,#DIV/0!,1.0000,#DIV/0!,#DIV/0!,#DIV/0!,#DIV/0!,#DIV/0!,#DIV/0!,#DIV/0!,#DIV/0!,#DIV/0!,#DIV/0!,1.0000,,BREAK,,,,,,,,,,,,,,,,,,,,,,,,,,QB,1.0000,0.3895,-0.3598,0.0677,-0.0744,0.4511,0.7435,0.3583,0.2976,0.0818,0.6180,-0.0437,-0.0435,-0.6867,-0.9877,#DIV/0!,#DIV/0!,,,,,,,,,TE,0.3895,1.0000,-0.4167,0.1620,-0.0785,-0.0965,0.0097,0.1008,-0.3174,-0.0464,-0.3515,0.0660,-0.1502,-0.2801,0.1287,#DIV/0!,#DIV/0!,,,,,,,,,DEF,-0.3598,-0.4167,1.0000,-0.2470,0.6537,0.1684,-0.0809,-0.2490,0.4064,-0.1827,-0.2026,-0.2859,0.0517,0.4673,0.5000,#DIV/0!,#DIV/0!,,,,,,,,,RB,0.0677,0.1620,-0.2470,1.0000,-0.3057,0.0693,0.2607,-0.1180,-0.3306,0.2815,-0.7025,0.3981,0.2944,-0.3877,-1.0000,#DIV/0!,#DIV/0!,,,,,,,,,K,-0.0744,-0.0785,0.6537,-0.3057,1.0000,-0.0226,0.1644,0.0508,0.1208,-0.0783,-0.4927,-0.2684,-0.1462,0.3946,-0.2402,#DIV/0!,#DIV/0!,,,,,,,,,WR,0.4511,-0.0965,0.1684,0.0693,-0.0226,1.0000,0.1393,0.0684,-0.0314,0.2557,0.3525,0.3321,0.3877,0.9508,1.0000,#DIV/0!,#DIV/0!,,,,,,,,,WR,0.7435,0.0097,-0.0809,0.2607,0.1644,0.1393,1.0000,0.2692,0.5510,0.1615,0.8581,-0.2344,-0.1155,-0.5620,-0.9998,#DIV/0!,#DIV/0!,,,,,,,,,WR,0.3583,0.1008,-0.2490,-0.1180,0.0508,0.0684,0.2692,1.0000,-0.2136,-0.2005,0.6962,-0.1556,0.0088,-0.7376,1.0000,#DIV/0!,#DIV/0!,,,,,,,,,WR,0.2976,-0.3174,0.4064,-0.3306,0.1208,-0.0314,0.5510,-0.2136,1.0000,0.0188,0.8890,-0.7026,-0.2960,-1.0000,-0.9589,#DIV/0!,#DIV/0!,,,,,,,,,RB,0.0818,-0.0464,-0.1827,0.2815,-0.0783,0.2557,0.1615,-0.2005,0.0188,1.0000,-0.3281,-0.0651,-0.2432,-0.6703,-0.9129,#DIV/0!,#DIV/0!,,,,,,,,,RB,0.6180,-0.3515,-0.2026,-0.7025,-0.4927,0.3525,0.8581,0.6962,0.8890,-0.3281,1.0000,-0.8367,0.5297,-0.4983,#DIV/0!,#DIV/0!,#DIV/0!,,,,,,,,,TE,-0.0437,0.0660,-0.2859,0.3981,-0.2684,0.3321,-0.2344,-0.1556,-0.7026,-0.0651,-0.8367,1.0000,0.7799,0.3647,0.9608,#DIV/0!,#DIV/0!,,,,,,,,,RB,-0.0435,-0.1502,0.0517,0.2944,-0.1462,0.3877,-0.1155,0.0088,-0.2960,-0.2432,0.5297,0.7799,1.0000,-0.2313,1.0000,#DIV/0!,#DIV/0!,,,,,,,,,WR,-0.6867,-0.2801,0.4673,-0.3877,0.3946,0.9508,-0.5620,-0.7376,-1.0000,-0.6703,-0.4983,0.3647,-0.2313,1.0000,1.0000,#DIV/0!,#DIV/0!,,,,,,,,,QB,-0.9877,0.1287,0.5000,-1.0000,-0.2402,1.0000,-0.9998,1.0000,-0.9589,-0.9129,#DIV/0!,0.9608,1.0000,1.0000,1.0000,#DIV/0!,#DIV/0!,,,,,,,,,TE,#DIV/0!,#DIV/0!,#DIV/0!,#DIV/0!,#DIV/0!,#DIV/0!,#DIV/0!,#DIV/0!,#DIV/0!,#DIV/0!,#DIV/0!,#DIV/0!,#DIV/0!,#DIV/0!,#DIV/0!,#DIV/0!,#DIV/0!,,,,,,,,,WR,#DIV/0!,#DIV/0!,#DIV/0!,#DIV/0!,#DIV/0!,#DIV/0!,#DIV/0!,#DIV/0!,#DIV/0!,#DIV/0!,#DIV/0!,#DIV/0!,#DIV/0!,#DIV/0!,#DIV/0!,#DIV/0!,#DIV/0!,,,,,,,,,BREAK,,,,,,,,,,,,,,,,,,,,,,,,,,QB,1.0000,-0.1586,0.3995,-0.0108,0.1171,0.7968,0.0842,0.1271,-0.2454,-0.3973,-0.2702,0.0056,-0.5136,-0.0110,-1.0000,#DIV/0!,-0.4501,-1.0000,#DIV/0!,-0.9727,,,,,,RB,-0.1586,1.0000,-0.6332,0.0527,-0.3827,-0.3547,-0.4999,0.3799,0.5187,-0.0274,-0.7755,0.1314,0.0866,0.1056,1.0000,-1.0000,-0.1638,1.0000,#DIV/0!,-0.8758,,,,,,RB,0.3995,-0.6332,1.0000,0.0187,-0.3361,0.7647,0.2802,-0.2587,-0.5766,-0.1807,-0.0908,-0.2624,-0.4337,-0.2163,-1.0000,#DIV/0!,-0.0329,-1.0000,#DIV/0!,0.8573,,,,,,K,-0.0108,0.0527,0.0187,1.0000,-0.1707,0.1250,0.3223,-0.1366,-0.0415,0.2807,0.5058,0.2441,-0.3033,-0.5355,1.0000,#DIV/0!,0.6160,1.0000,#DIV/0!,0.2774,,,,,,WR,0.1171,-0.3827,-0.3361,-0.1707,1.0000,-0.2256,0.4198,0.2149,0.2275,-0.4256,-0.0527,0.2307,0.5098,#DIV/0!,#DIV/0!,#DIV/0!,#DIV/0!,#DIV/0!,#DIV/0!,-1.0000,,,,,,TE,0.7968,-0.3547,0.7647,0.1250,-0.2256,1.0000,0.3084,0.0419,-0.5815,-0.4598,-0.2212,-0.5843,-0.3940,-0.9985,#DIV/0!,1.0000,0.9042,#DIV/0!,#DIV/0!,-0.0199,,,,,,DEF,0.0842,-0.4999,0.2802,0.3223,0.4198,0.3084,1.0000,-0.0759,-0.0416,-0.0696,0.6829,0.4323,-0.0788,-0.7627,-1.0000,#DIV/0!,-0.4313,1.0000,#DIV/0!,0.7559,,,,,,TE,0.1271,0.3799,-0.2587,-0.1366,0.2149,0.0419,-0.0759,1.0000,-0.0034,-0.4815,-0.5181,0.6357,0.0204,-0.5281,#DIV/0!,-1.0000,-0.3007,#DIV/0!,#DIV/0!,#DIV/0!,,,,,,WR,-0.2454,0.5187,-0.5766,-0.0415,0.2275,-0.5815,-0.0416,-0.0034,1.0000,-0.2693,-0.1279,0.6276,-0.1179,0.2164,#DIV/0!,#DIV/0!,-0.4910,#DIV/0!,#DIV/0!,-1.0000,,,,,,WR,-0.3973,-0.0274,-0.1807,0.2807,-0.4256,-0.4598,-0.0696,-0.4815,-0.2693,1.0000,-0.4497,-0.2477,0.6354,0.2484,#DIV/0!,#DIV/0!,0.9604,1.0000,#DIV/0!,#DIV/0!,,,,,,RB,-0.2702,-0.7755,-0.0908,0.5058,-0.0527,-0.2212,0.6829,-0.5181,-0.1279,-0.4497,1.0000,-1.0000,-0.0622,-1.0000,#DIV/0!,#DIV/0!,#DIV/0!,-1.0000,#DIV/0!,#DIV/0!,,,,,,WR,0.0056,0.1314,-0.2624,0.2441,0.2307,-0.5843,0.4323,0.6357,0.6276,-0.2477,-1.0000,1.0000,-0.7995,-0.7230,#DIV/0!,-1.0000,-0.8668,#DIV/0!,#DIV/0!,#DIV/0!,,,,,,WR,-0.5136,0.0866,-0.4337,-0.3033,0.5098,-0.3940,-0.0788,0.0204,-0.1179,0.6354,-0.0622,-0.7995,1.0000,-0.0586,1.0000,#DIV/0!,#DIV/0!,1.0000,#DIV/0!,0.4578,,,,,,WR,-0.0110,0.1056,-0.2163,-0.5355,#DIV/0!,-0.9985,-0.7627,-0.5281,0.2164,0.2484,-1.0000,-0.7230,-0.0586,1.0000,#DIV/0!,#DIV/0!,0.2168,#DIV/0!,#DIV/0!,#DIV/0!,,,,,,WR,-1.0000,1.0000,-1.0000,1.0000,#DIV/0!,#DIV/0!,-1.0000,#DIV/0!,#DIV/0!,#DIV/0!,#DIV/0!,#DIV/0!,1.0000,#DIV/0!,1.0000,#DIV/0!,#DIV/0!,#DIV/0!,#DIV/0!,#DIV/0!,,,,,,QB,#DIV/0!,-1.0000,#DIV/0!,#DIV/0!,#DIV/0!,1.0000,#DIV/0!,-1.0000,#DIV/0!,#DIV/0!,#DIV/0!,-1.0000,#DIV/0!,#DIV/0!,#DIV/0!,1.0000,1.0000,#DIV/0!,#DIV/0!,#DIV/0!,,,,,,RB,-0.4501,-0.1638,-0.0329,0.6160,#DIV/0!,0.9042,-0.4313,-0.3007,-0.4910,0.9604,#DIV/0!,-0.8668,#DIV/0!,0.2168,#DIV/0!,1.0000,1.0000,#DIV/0!,#DIV/0!,#DIV/0!,,,,,,TE,-1.0000,1.0000,-1.0000,1.0000,#DIV/0!,#DIV/0!,1.0000,#DIV/0!,#DIV/0!,1.0000,-1.0000,#DIV/0!,1.0000,#DIV/0!,#DIV/0!,#DIV/0!,#DIV/0!,1.0000,#DIV/0!,#DIV/0!,,,,,,RB,#DIV/0!,#DIV/0!,#DIV/0!,#DIV/0!,#DIV/0!,#DIV/0!,#DIV/0!,#DIV/0!,#DIV/0!,#DIV/0!,#DIV/0!,#DIV/0!,#DIV/0!,#DIV/0!,#DIV/0!,#DIV/0!,#DIV/0!,#DIV/0!,#DIV/0!,#DIV/0!,,,,,,TE,-0.9727,-0.8758,0.8573,0.2774,-1.0000,-0.0199,0.7559,#DIV/0!,-1.0000,#DIV/0!,#DIV/0!,#DIV/0!,0.4578,#DIV/0!,#DIV/0!,#DIV/0!,#DIV/0!,#DIV/0!,#DIV/0!,1.0000,,,,,,BREAK,,,,,,,,,,,,,,,,,,,,,,,,,,QB,1.0000,0.1095,0.1501,0.3743,0.3294,0.0326,0.5210,-0.0662,0.2984,-0.9805,-0.7883,-0.7590,-0.9438,0.2411,#DIV/0!,#DIV/0!,,,,,,,,,,WR,0.1095,1.0000,-0.3061,-0.5748,-0.3206,-0.0743,0.2960,-0.1275,-0.2123,-0.1228,-0.5809,0.4219,-0.3417,0.3254,#DIV/0!,#DIV/0!,,,,,,,,,,RB,0.1501,-0.3061,1.0000,0.2222,0.0469,0.1600,-0.2611,0.1535,-0.0333,-0.0702,-0.1665,0.0841,0.7621,0.0684,#DIV/0!,#DIV/0!,,,,,,,,,,TE,0.3743,-0.5748,0.2222,1.0000,0.2322,0.4202,-0.1624,0.0027,0.5229,-0.6779,-0.9515,-0.3953,-1.0000,0.6822,#DIV/0!,#DIV/0!,,,,,,,,,,RB,0.3294,-0.3206,0.0469,0.2322,1.0000,-0.1881,0.2454,-0.1342,0.1596,-0.2849,-0.4892,-0.0452,0.8297,0.0508,#DIV/0!,#DIV/0!,,,,,,,,,,K,0.0326,-0.0743,0.1600,0.4202,-0.1881,1.0000,0.2025,0.0421,-0.3129,-0.5373,-0.3735,-0.1617,-0.8208,-0.0704,#DIV/0!,#DIV/0!,,,,,,,,,,WR,0.5210,0.2960,-0.2611,-0.1624,0.2454,0.2025,1.0000,-0.1888,-0.1533,-0.4962,0.1383,-0.1587,-0.9479,-0.2553,#DIV/0!,#DIV/0!,,,,,,,,,,DEF,-0.0662,-0.1275,0.1535,0.0027,-0.1342,0.0421,-0.1888,1.0000,-0.4394,-0.2332,0.2146,-0.1540,0.4732,0.5386,#DIV/0!,#DIV/0!,,,,,,,,,,WR,0.2984,-0.2123,-0.0333,0.5229,0.1596,-0.3129,-0.1533,-0.4394,1.0000,-0.1209,0.1731,-0.0692,0.3042,0.0120,#DIV/0!,#DIV/0!,,,,,,,,,,QB,-0.9805,-0.1228,-0.0702,-0.6779,-0.2849,-0.5373,-0.4962,-0.2332,-0.1209,1.0000,0.6193,0.4869,-1.0000,-0.5203,#DIV/0!,#DIV/0!,,,,,,,,,,TE,-0.7883,-0.5809,-0.1665,-0.9515,-0.4892,-0.3735,0.1383,0.2146,0.1731,0.6193,1.0000,0.3415,#DIV/0!,-0.4992,#DIV/0!,#DIV/0!,,,,,,,,,,RB,-0.7590,0.4219,0.0841,-0.3953,-0.0452,-0.1617,-0.1587,-0.1540,-0.0692,0.4869,0.3415,1.0000,0.9999,-0.1723,#DIV/0!,#DIV/0!,,,,,,,,,,WR,-0.9438,-0.3417,0.7621,-1.0000,0.8297,-0.8208,-0.9479,0.4732,0.3042,-1.0000,#DIV/0!,0.9999,1.0000,#DIV/0!,#DIV/0!,#DIV/0!,,,,,,,,,,TE,0.2411,0.3254,0.0684,0.6822,0.0508,-0.0704,-0.2553,0.5386,0.0120,-0.5203,-0.4992,-0.1723,#DIV/0!,1.0000,#DIV/0!,#DIV/0!,,,,,,,,,,WR,#DIV/0!,#DIV/0!,#DIV/0!,#DIV/0!,#DIV/0!,#DIV/0!,#DIV/0!,#DIV/0!,#DIV/0!,#DIV/0!,#DIV/0!,#DIV/0!,#DIV/0!,#DIV/0!,#DIV/0!,#DIV/0!,,,,,,,,,,TE,#DIV/0!,#DIV/0!,#DIV/0!,#DIV/0!,#DIV/0!,#DIV/0!,#DIV/0!,#DIV/0!,#DIV/0!,#DIV/0!,#DIV/0!,#DIV/0!,#DIV/0!,#DIV/0!,#DIV/0!,#DIV/0!,,,,,,,,,,BREAK,,,,,,,,,,,,,,,,,,,,,,,,,,TE,1.0000,0.8392,-0.1051,0.1289,0.2682,0.4157,-0.2249,-0.1506,-0.1295,0.0322,0.6786,0.9919,0.1299,0.6490,0.0140,-0.4697,-0.5482,-1.0000,-0.6243,-0.4060,-1.0000,#DIV/0!,#DIV/0!,#DIV/0!,,QB,0.8392,1.0000,-0.2983,0.7467,0.3453,0.6822,-0.8731,-0.2749,0.0538,0.7373,0.8233,#DIV/0!,-1.0000,#DIV/0!,-0.9999,-0.3847,#DIV/0!,#DIV/0!,-0.9739,-0.1599,#DIV/0!,#DIV/0!,#DIV/0!,#DIV/0!,,WR,-0.1051,-0.2983,1.0000,-0.0669,-0.2661,0.0351,0.3402,0.6308,-0.3820,0.3450,-0.0495,0.9692,0.8674,0.9815,0.2190,-0.1890,-0.4081,1.0000,0.4305,0.1125,-1.0000,#DIV/0!,#DIV/0!,#DIV/0!,,RB,0.1289,0.7467,-0.0669,1.0000,0.2835,0.1924,0.4600,0.1344,0.0111,0.4033,0.1625,-0.9949,-0.3632,-0.4255,-0.3414,0.5283,-0.2210,1.0000,-0.1547,0.7368,1.0000,#DIV/0!,#DIV/0!,#DIV/0!,,RB,0.2682,0.3453,-0.2661,0.2835,1.0000,0.4567,-0.3282,-0.1829,-0.2937,-0.1480,0.0443,0.7697,0.1303,0.8515,0.3711,-0.2566,0.0901,-1.0000,-0.7478,0.7039,-1.0000,#DIV/0!,#DIV/0!,#DIV/0!,,K,0.4157,0.6822,0.0351,0.1924,0.4567,1.0000,0.0752,-0.2654,-0.5435,0.0167,0.5174,0.1960,0.4016,0.9762,0.9976,-0.1115,-0.2854,1.0000,-0.1411,0.3871,-1.0000,#DIV/0!,#DIV/0!,#DIV/0!,,QB,-0.2249,-0.8731,0.3402,0.4600,-0.3282,0.0752,1.0000,0.1370,-0.0348,0.9346,-0.1979,#DIV/0!,-0.3781,#DIV/0!,1.0000,0.5658,0.4596,#DIV/0!,#DIV/0!,#DIV/0!,#DIV/0!,#DIV/0!,#DIV/0!,#DIV/0!,,DEF,-0.1506,-0.2749,0.6308,0.1344,-0.1829,-0.2654,0.1370,1.0000,0.2661,0.2258,-0.3814,0.8750,0.7409,0.9762,-0.4401,-0.5825,-0.5354,1.0000,-0.4879,#DIV/0!,-1.0000,#DIV/0!,#DIV/0!,#DIV/0!,,WR,-0.1295,0.0538,-0.3820,0.0111,-0.2937,-0.5435,-0.0348,0.2661,1.0000,-0.0102,0.0831,-1.0000,-0.6364,#DIV/0!,-0.9019,-0.7916,#DIV/0!,#DIV/0!,-0.3717,-0.9805,1.0000,#DIV/0!,#DIV/0!,#DIV/0!,,WR,0.0322,0.7373,0.3450,0.4033,-0.1480,0.0167,0.9346,0.2258,-0.0102,1.0000,0.4573,#DIV/0!,#DIV/0!,#DIV/0!,-1.0000,-0.8131,#DIV/0!,#DIV/0!,-1.0000,1.0000,#DIV/0!,#DIV/0!,#DIV/0!,#DIV/0!,,WR,0.6786,0.8233,-0.0495,0.1625,0.0443,0.5174,-0.1979,-0.3814,0.0831,0.4573,1.0000,#DIV/0!,0.8309,#DIV/0!,-0.9988,-0.4217,-0.3848,#DIV/0!,1.0000,-0.8386,#DIV/0!,#DIV/0!,#DIV/0!,#DIV/0!,,QB,0.9919,#DIV/0!,0.9692,-0.9949,0.7697,0.1960,#DIV/0!,0.8750,-1.0000,#DIV/0!,#DIV/0!,1.0000,1.0000,1.0000,#DIV/0!,#DIV/0!,#DIV/0!,#DIV/0!,1.0000,#DIV/0!,-1.0000,#DIV/0!,#DIV/0!,#DIV/0!,,WR,0.1299,-1.0000,0.8674,-0.3632,0.1303,0.4016,-0.3781,0.7409,-0.6364,#DIV/0!,0.8309,1.0000,1.0000,-1.0000,#DIV/0!,-0.7281,-0.2295,#DIV/0!,1.0000,#DIV/0!,-1.0000,#DIV/0!,#DIV/0!,#DIV/0!,,WR,0.6490,#DIV/0!,0.9815,-0.4255,0.8515,0.9762,#DIV/0!,0.9762,#DIV/0!,#DIV/0!,#DIV/0!,1.0000,-1.0000,1.0000,#DIV/0!,#DIV/0!,#DIV/0!,#DIV/0!,#DIV/0!,#DIV/0!,#DIV/0!,#DIV/0!,#DIV/0!,#DIV/0!,,RB,0.0140,-0.9999,0.2190,-0.3414,0.3711,0.9976,1.0000,-0.4401,-0.9019,-1.0000,-0.9988,#DIV/0!,#DIV/0!,#DIV/0!,1.0000,1.0000,#DIV/0!,#DIV/0!,#DIV/0!,#DIV/0!,#DIV/0!,#DIV/0!,#DIV/0!,#DIV/0!,,TE,-0.4697,-0.3847,-0.1890,0.5283,-0.2566,-0.1115,0.5658,-0.5825,-0.7916,-0.8131,-0.4217,#DIV/0!,-0.7281,#DIV/0!,1.0000,1.0000,0.1443,#DIV/0!,1.0000,#DIV/0!,#DIV/0!,#DIV/0!,#DIV/0!,#DIV/0!,,WR,-0.5482,#DIV/0!,-0.4081,-0.2210,0.0901,-0.2854,0.4596,-0.5354,#DIV/0!,#DIV/0!,-0.3848,#DIV/0!,-0.2295,#DIV/0!,#DIV/0!,0.1443,1.0000,#DIV/0!,#DIV/0!,#DIV/0!,#DIV/0!,#DIV/0!,#DIV/0!,#DIV/0!,,WR,-1.0000,#DIV/0!,1.0000,1.0000,-1.0000,1.0000,#DIV/0!,1.0000,#DIV/0!,#DIV/0!,#DIV/0!,#DIV/0!,#DIV/0!,#DIV/0!,#DIV/0!,#DIV/0!,#DIV/0!,1.0000,#DIV/0!,#DIV/0!,#DIV/0!,#DIV/0!,#DIV/0!,#DIV/0!,,TE,-0.6243,-0.9739,0.4305,-0.1547,-0.7478,-0.1411,#DIV/0!,-0.4879,-0.3717,-1.0000,1.0000,1.0000,1.0000,#DIV/0!,#DIV/0!,1.0000,#DIV/0!,#DIV/0!,1.0000,#DIV/0!,-1.0000,#DIV/0!,#DIV/0!,#DIV/0!,,RB,-0.4060,-0.1599,0.1125,0.7368,0.7039,0.3871,#DIV/0!,#DIV/0!,-0.9805,1.0000,-0.8386,#DIV/0!,#DIV/0!,#DIV/0!,#DIV/0!,#DIV/0!,#DIV/0!,#DIV/0!,#DIV/0!,1.0000,#DIV/0!,#DIV/0!,#DIV/0!,#DIV/0!,,TE,-1.0000,#DIV/0!,-1.0000,1.0000,-1.0000,-1.0000,#DIV/0!,-1.0000,1.0000,#DIV/0!,#DIV/0!,-1.0000,-1.0000,#DIV/0!,#DIV/0!,#DIV/0!,#DIV/0!,#DIV/0!,-1.0000,#DIV/0!,1.0000,#DIV/0!,#DIV/0!,#DIV/0!,,TE,#DIV/0!,#DIV/0!,#DIV/0!,#DIV/0!,#DIV/0!,#DIV/0!,#DIV/0!,#DIV/0!,#DIV/0!,#DIV/0!,#DIV/0!,#DIV/0!,#DIV/0!,#DIV/0!,#DIV/0!,#DIV/0!,#DIV/0!,#DIV/0!,#DIV/0!,#DIV/0!,#DIV/0!,#DIV/0!,#DIV/0!,#DIV/0!,,RB,#DIV/0!,#DIV/0!,#DIV/0!,#DIV/0!,#DIV/0!,#DIV/0!,#DIV/0!,#DIV/0!,#DIV/0!,#DIV/0!,#DIV/0!,#DIV/0!,#DIV/0!,#DIV/0!,#DIV/0!,#DIV/0!,#DIV/0!,#DIV/0!,#DIV/0!,#DIV/0!,#DIV/0!,#DIV/0!,#DIV/0!,#DIV/0!,,RB,#DIV/0!,#DIV/0!,#DIV/0!,#DIV/0!,#DIV/0!,#DIV/0!,#DIV/0!,#DIV/0!,#DIV/0!,#DIV/0!,#DIV/0!,#DIV/0!,#DIV/0!,#DIV/0!,#DIV/0!,#DIV/0!,#DIV/0!,#DIV/0!,#DIV/0!,#DIV/0!,#DIV/0!,#DIV/0!,#DIV/0!,#DIV/0!,,BREAK,,,,,,,,,,,,,,,,,,,,,,,,,,RB,1.0000,-0.0631,0.0436,-0.1443,-0.0283,0.0684,-0.2093,0.0400,0.4564,0.0350,-0.8317,0.8056,0.8618,-0.4130,0.1739,0.7814,0.4836,-0.0815,-0.0282,0.8334,-1.0000,#DIV/0!,#DIV/0!,#DIV/0!,,K,-0.0631,1.0000,-0.2573,-0.0081,-0.1813,0.2170,-0.7685,-0.0425,0.2527,0.6508,0.5915,-0.7520,-0.8574,-0.6947,-0.5245,0.1818,0.5353,0.3750,-0.5575,0.5524,-1.0000,#DIV/0!,#DIV/0!,#DIV/0!,,WR,0.0436,-0.2573,1.0000,0.3218,0.1071,0.0490,-0.0548,0.4171,0.1543,0.1443,0.3052,0.9672,-0.9304,0.5935,-0.1762,0.0707,0.5324,-0.1669,0.6562,-0.4727,1.0000,#DIV/0!,#DIV/0!,#DIV/0!,,TE,-0.1443,-0.0081,0.3218,1.0000,0.1504,-0.0742,0.0651,-0.3888,-0.0382,0.7560,0.2941,0.9220,0.0527,-0.1054,-0.2759,0.3189,0.7176,0.8481,0.6965,0.0067,1.0000,#DIV/0!,#DIV/0!,#DIV/0!,,WR,-0.0283,-0.1813,0.1071,0.1504,1.0000,0.7829,0.5395,-0.3673,0.6164,-0.6872,0.6098,0.9954,0.2637,0.2908,-0.3979,-0.2961,-0.2906,-0.3511,0.1726,-0.9220,1.0000,#DIV/0!,#DIV/0!,#DIV/0!,,QB,0.0684,0.2170,0.0490,-0.0742,0.7829,1.0000,#DIV/0!,-0.4499,0.5584,#DIV/0!,#DIV/0!,#DIV/0!,#DIV/0!,1.0000,-0.1074,0.3304,-0.2114,-1.0000,-0.7459,0.9656,1.0000,#DIV/0!,#DIV/0!,#DIV/0!,,RB,-0.2093,-0.7685,-0.0548,0.0651,0.5395,#DIV/0!,1.0000,-0.4626,#DIV/0!,1.0000,-0.3088,#DIV/0!,0.9819,1.0000,#DIV/0!,-0.9959,-1.0000,0.9006,1.0000,-0.9911,#DIV/0!,#DIV/0!,#DIV/0!,#DIV/0!,,DEF,0.0400,-0.0425,0.4171,-0.3888,-0.3673,-0.4499,-0.4626,1.0000,0.2356,0.0850,-0.1861,-0.6591,-0.6697,0.3589,-0.0740,-0.2752,0.1025,-0.2081,0.3484,-0.5350,-1.0000,#DIV/0!,#DIV/0!,#DIV/0!,,WR,0.4564,0.2527,0.1543,-0.0382,0.6164,0.5584,#DIV/0!,0.2356,1.0000,0.4116,#DIV/0!,#DIV/0!,#DIV/0!,#DIV/0!,-0.5955,0.7144,0.3486,0.0844,0.0703,-1.0000,1.0000,#DIV/0!,#DIV/0!,#DIV/0!,,QB,0.0350,0.6508,0.1443,0.7560,-0.6872,#DIV/0!,1.0000,0.0850,0.4116,1.0000,#DIV/0!,#DIV/0!,1.0000,#DIV/0!,1.0000,1.0000,#DIV/0!,0.8999,#DIV/0!,#DIV/0!,#DIV/0!,#DIV/0!,#DIV/0!,#DIV/0!,,QB,-0.8317,0.5915,0.3052,0.2941,0.6098,#DIV/0!,-0.3088,-0.1861,#DIV/0!,#DIV/0!,1.0000,#DIV/0!,-0.5627,#DIV/0!,#DIV/0!,1.0000,#DIV/0!,0.4193,#DIV/0!,-1.0000,#DIV/0!,#DIV/0!,#DIV/0!,#DIV/0!,,QB,0.8056,-0.7520,0.9672,0.9220,0.9954,#DIV/0!,#DIV/0!,-0.6591,#DIV/0!,#DIV/0!,#DIV/0!,1.0000,#DIV/0!,0.3304,-0.3008,1.0000,#DIV/0!,#DIV/0!,0.9037,#DIV/0!,#DIV/0!,#DIV/0!,#DIV/0!,#DIV/0!,,RB,0.8618,-0.8574,-0.9304,0.0527,0.2637,#DIV/0!,0.9819,-0.6697,#DIV/0!,1.0000,-0.5627,#DIV/0!,1.0000,#DIV/0!,#DIV/0!,#DIV/0!,#DIV/0!,1.0000,#DIV/0!,#DIV/0!,#DIV/0!,#DIV/0!,#DIV/0!,#DIV/0!,,WR,-0.4130,-0.6947,0.5935,-0.1054,0.2908,1.0000,1.0000,0.3589,#DIV/0!,#DIV/0!,#DIV/0!,0.3304,#DIV/0!,1.0000,0.8007,-0.9501,1.0000,#DIV/0!,-0.1192,-1.0000,#DIV/0!,#DIV/0!,#DIV/0!,#DIV/0!,,RB,0.1739,-0.5245,-0.1762,-0.2759,-0.3979,-0.1074,#DIV/0!,-0.0740,-0.5955,1.0000,#DIV/0!,-0.3008,#DIV/0!,0.8007,1.0000,-0.2648,-0.5035,1.0000,-0.7539,#DIV/0!,#DIV/0!,#DIV/0!,#DIV/0!,#DIV/0!,,WR,0.7814,0.1818,0.0707,0.3189,-0.2961,0.3304,-0.9959,-0.2752,0.7144,1.0000,1.0000,1.0000,#DIV/0!,-0.9501,-0.2648,1.0000,0.4128,-0.2462,-0.4104,0.9860,#DIV/0!,#DIV/0!,#DIV/0!,#DIV/0!,,WR,0.4836,0.5353,0.5324,0.7176,-0.2906,-0.2114,-1.0000,0.1025,0.3486,#DIV/0!,#DIV/0!,#DIV/0!,#DIV/0!,1.0000,-0.5035,0.4128,1.0000,-0.1568,0.7916,0.6529,1.0000,#DIV/0!,#DIV/0!,#DIV/0!,,TE,-0.0815,0.3750,-0.1669,0.8481,-0.3511,-1.0000,0.9006,-0.2081,0.0844,0.8999,0.4193,#DIV/0!,1.0000,#DIV/0!,1.0000,-0.2462,-0.1568,1.0000,#DIV/0!,0.6719,#DIV/0!,#DIV/0!,#DIV/0!,#DIV/0!,,TE,-0.0282,-0.5575,0.6562,0.6965,0.1726,-0.7459,1.0000,0.3484,0.0703,#DIV/0!,#DIV/0!,0.9037,#DIV/0!,-0.1192,-0.7539,-0.4104,0.7916,#DIV/0!,1.0000,-0.6100,#DIV/0!,#DIV/0!,#DIV/0!,#DIV/0!,,RB,0.8334,0.5524,-0.4727,0.0067,-0.9220,0.9656,-0.9911,-0.5350,-1.0000,#DIV/0!,-1.0000,#DIV/0!,#DIV/0!,-1.0000,#DIV/0!,0.9860,0.6529,0.6719,-0.6100,1.0000,#DIV/0!,#DIV/0!,#DIV/0!,#DIV/0!,,RB,-1.0000,-1.0000,1.0000,1.0000,1.0000,1.0000,#DIV/0!,-1.0000,1.0000,#DIV/0!,#DIV/0!,#DIV/0!,#DIV/0!,#DIV/0!,#DIV/0!,#DIV/0!,1.0000,#DIV/0!,#DIV/0!,#DIV/0!,1.0000,#DIV/0!,#DIV/0!,#DIV/0!,,RB,#DIV/0!,#DIV/0!,#DIV/0!,#DIV/0!,#DIV/0!,#DIV/0!,#DIV/0!,#DIV/0!,#DIV/0!,#DIV/0!,#DIV/0!,#DIV/0!,#DIV/0!,#DIV/0!,#DIV/0!,#DIV/0!,#DIV/0!,#DIV/0!,#DIV/0!,#DIV/0!,#DIV/0!,#DIV/0!,#DIV/0!,#DIV/0!,,WR,#DIV/0!,#DIV/0!,#DIV/0!,#DIV/0!,#DIV/0!,#DIV/0!,#DIV/0!,#DIV/0!,#DIV/0!,#DIV/0!,#DIV/0!,#DIV/0!,#DIV/0!,#DIV/0!,#DIV/0!,#DIV/0!,#DIV/0!,#DIV/0!,#DIV/0!,#DIV/0!,#DIV/0!,#DIV/0!,#DIV/0!,#DIV/0!,,TE,#DIV/0!,#DIV/0!,#DIV/0!,#DIV/0!,#DIV/0!,#DIV/0!,#DIV/0!,#DIV/0!,#DIV/0!,#DIV/0!,#DIV/0!,#DIV/0!,#DIV/0!,#DIV/0!,#DIV/0!,#DIV/0!,#DIV/0!,#DIV/0!,#DIV/0!,#DIV/0!,#DIV/0!,#DIV/0!,#DIV/0!,#DIV/0!,,BREAK,,,,,,,,,,,,,,,,,,,,,,,,,,WR,1.0000,0.1758,0.0295,0.3655,-0.1065,0.2941,-0.1099,0.1825,-0.2407,0.4798,0.3442,-0.2320,0.0585,-0.3261,0.0765,0.0227,#DIV/0!,,,,,,,,,WR,0.1758,1.0000,0.3618,-0.4076,-0.0998,0.8601,-0.1669,0.6569,0.0701,0.4004,0.0052,-0.1491,-0.6550,-0.3546,-0.3852,-0.2168,#DIV/0!,,,,,,,,,DEF,0.0295,0.3618,1.0000,-0.3755,0.2930,-0.0690,-0.3858,0.5262,-0.3150,0.6299,-0.3982,0.1341,-0.2030,-0.4571,-0.1531,0.5547,#DIV/0!,,,,,,,,,RB,0.3655,-0.4076,-0.3755,1.0000,0.1650,-0.6168,0.5300,-0.3550,-0.1150,0.0733,0.2929,-0.2616,0.3267,0.4246,-0.1368,-0.7041,#DIV/0!,,,,,,,,,K,-0.1065,-0.0998,0.2930,0.1650,1.0000,-0.2287,0.0912,0.1402,-0.1231,0.1554,-0.3105,0.0370,0.5929,-0.3962,-0.5432,0.1881,#DIV/0!,,,,,,,,,QB,0.2941,0.8601,-0.0690,-0.6168,-0.2287,1.0000,-0.2397,-1.0000,0.1832,-0.4992,-0.2097,-0.2582,-0.1691,-0.4731,0.7006,-0.2478,#DIV/0!,,,,,,,,,RB,-0.1099,-0.1669,-0.3858,0.5300,0.0912,-0.2397,1.0000,-0.0271,0.0460,0.1316,0.4795,-0.2497,-0.0508,0.4434,-0.3497,-0.3466,#DIV/0!,,,,,,,,,QB,0.1825,0.6569,0.5262,-0.3550,0.1402,-1.0000,-0.0271,1.0000,0.4912,0.5851,-0.3450,0.4049,-1.0000,-0.7599,-0.9025,0.3853,#DIV/0!,,,,,,,,,TE,-0.2407,0.0701,-0.3150,-0.1150,-0.1231,0.1832,0.0460,0.4912,1.0000,-0.2256,0.0102,0.2702,-0.1469,-0.2400,0.6130,-0.2439,#DIV/0!,,,,,,,,,TE,0.4798,0.4004,0.6299,0.0733,0.1554,-0.4992,0.1316,0.5851,-0.2256,1.0000,-0.1064,0.2598,-0.5993,-0.1538,0.2016,-0.4294,#DIV/0!,,,,,,,,,WR,0.3442,0.0052,-0.3982,0.2929,-0.3105,-0.2097,0.4795,-0.3450,0.0102,-0.1064,1.0000,-0.0487,-0.9993,-0.9491,-0.1923,-0.9543,#DIV/0!,,,,,,,,,WR,-0.2320,-0.1491,0.1341,-0.2616,0.0370,-0.2582,-0.2497,0.4049,0.2702,0.2598,-0.0487,1.0000,-0.0139,-0.0724,0.6813,-0.2993,#DIV/0!,,,,,,,,,TE,0.0585,-0.6550,-0.2030,0.3267,0.5929,-0.1691,-0.0508,-1.0000,-0.1469,-0.5993,-0.9993,-0.0139,1.0000,0.2851,0.2822,0.5031,#DIV/0!,,,,,,,,,WR,-0.3261,-0.3546,-0.4571,0.4246,-0.3962,-0.4731,0.4434,-0.7599,-0.2400,-0.1538,-0.9491,-0.0724,0.2851,1.0000,0.7385,-0.6246,#DIV/0!,,,,,,,,,WR,0.0765,-0.3852,-0.1531,-0.1368,-0.5432,0.7006,-0.3497,-0.9025,0.6130,0.2016,-0.1923,0.6813,0.2822,0.7385,1.0000,-0.8078,#DIV/0!,,,,,,,,,RB,0.0227,-0.2168,0.5547,-0.7041,0.1881,-0.2478,-0.3466,0.3853,-0.2439,-0.4294,-0.9543,-0.2993,0.5031,-0.6246,-0.8078,1.0000,#DIV/0!,,,,,,,,,QB,#DIV/0!,#DIV/0!,#DIV/0!,#DIV/0!,#DIV/0!,#DIV/0!,#DIV/0!,#DIV/0!,#DIV/0!,#DIV/0!,#DIV/0!,#DIV/0!,#DIV/0!,#DIV/0!,#DIV/0!,#DIV/0!,#DIV/0!,,,,,,,,,BREAK,,,,,,,,,,,,,,,,,,,,,,,,,,QB,1.0000,0.7733,0.3099,0.5814,0.1908,-0.1370,0.2163,0.0596,0.5280,0.0466,0.6586,-0.3227,-0.0089,0.3553,-1.0000,-0.3552,-0.7432,1.0000,,,,,,,,WR,0.7733,1.0000,-0.1529,0.5304,0.2760,-0.0379,-0.1331,0.1200,0.0988,0.1558,0.8515,-0.3429,0.0606,-0.4534,-1.0000,0.0107,-0.7317,1.0000,,,,,,,,WR,0.3099,-0.1529,1.0000,-0.0486,0.0308,-0.4671,0.1174,-0.3366,0.6063,0.0968,-0.1750,-0.0236,-0.3168,0.6179,1.0000,0.3457,-0.6046,1.0000,,,,,,,,K,0.5814,0.5304,-0.0486,1.0000,0.2751,-0.1810,-0.0815,-0.2152,0.0312,0.2765,0.7029,0.2547,0.1109,-0.2445,1.0000,-0.0314,-0.5225,1.0000,,,,,,,,RB,0.1908,0.2760,0.0308,0.2751,1.0000,0.0260,0.1695,-0.2126,0.3342,0.1463,0.0191,0.0456,-0.2436,-0.1598,1.0000,0.4865,0.5594,1.0000,,,,,,,,DEF,-0.1370,-0.0379,-0.4671,-0.1810,0.0260,1.0000,0.2740,0.1445,-0.1462,-0.3274,0.1326,0.0348,-0.1495,-0.3750,-1.0000,-0.6855,-0.3467,#DIV/0!,,,,,,,,RB,0.2163,-0.1331,0.1174,-0.0815,0.1695,0.2740,1.0000,0.3330,0.4184,-0.3119,-0.0944,-0.0606,-0.1155,0.9146,1.0000,-0.8294,-0.5125,1.0000,,,,,,,,TE,0.0596,0.1200,-0.3366,-0.2152,-0.2126,0.1445,0.3330,1.0000,-0.2194,-0.4883,-0.1438,-0.5262,0.3459,0.0160,#DIV/0!,-1.0000,1.0000,-1.0000,,,,,,,,RB,0.5280,0.0988,0.6063,0.0312,0.3342,-0.1462,0.4184,-0.2194,1.0000,-0.1829,-0.5052,-0.0424,-0.1908,0.9687,#DIV/0!,#DIV/0!,-1.0000,1.0000,,,,,,,,WR,0.0466,0.1558,0.0968,0.2765,0.1463,-0.3274,-0.3119,-0.4883,-0.1829,1.0000,0.7534,-0.8197,0.3318,-0.2333,1.0000,0.4847,-0.3775,1.0000,,,,,,,,TE,0.6586,0.8515,-0.1750,0.7029,0.0191,0.1326,-0.0944,-0.1438,-0.5052,0.7534,1.0000,-0.9012,#DIV/0!,-0.4376,#DIV/0!,-0.6088,-1.0000,#DIV/0!,,,,,,,,WR,-0.3227,-0.3429,-0.0236,0.2547,0.0456,0.0348,-0.0606,-0.5262,-0.0424,-0.8197,-0.9012,1.0000,-1.0000,0.3189,#DIV/0!,1.0000,0.4892,#DIV/0!,,,,,,,,TE,-0.0089,0.0606,-0.3168,0.1109,-0.2436,-0.1495,-0.1155,0.3459,-0.1908,0.3318,#DIV/0!,-1.0000,1.0000,-0.9934,1.0000,#DIV/0!,1.0000,#DIV/0!,,,,,,,,RB,0.3553,-0.4534,0.6179,-0.2445,-0.1598,-0.3750,0.9146,0.0160,0.9687,-0.2333,-0.4376,0.3189,-0.9934,1.0000,#DIV/0!,1.0000,#DIV/0!,#DIV/0!,,,,,,,,QB,-1.0000,-1.0000,1.0000,1.0000,1.0000,-1.0000,1.0000,#DIV/0!,#DIV/0!,1.0000,#DIV/0!,#DIV/0!,1.0000,#DIV/0!,1.0000,#DIV/0!,1.0000,#DIV/0!,,,,,,,,RB,-0.3552,0.0107,0.3457,-0.0314,0.4865,-0.6855,-0.8294,-1.0000,#DIV/0!,0.4847,-0.6088,1.0000,#DIV/0!,1.0000,#DIV/0!,1.0000,1.0000,#DIV/0!,,,,,,,,WR,-0.7432,-0.7317,-0.6046,-0.5225,0.5594,-0.3467,-0.5125,1.0000,-1.0000,-0.3775,-1.0000,0.4892,1.0000,#DIV/0!,1.0000,1.0000,1.0000,#DIV/0!,,,,,,,,RB,1.0000,1.0000,1.0000,1.0000,1.0000,#DIV/0!,1.0000,-1.0000,1.0000,1.0000,#DIV/0!,#DIV/0!,#DIV/0!,#DIV/0!,#DIV/0!,#DIV/0!,#DIV/0!,1.0000,,,,,,,,BREAK,,,,,,,,,,,,,,,,,,,,,,,,,,QB,1.0000,0.2799,0.7391,0.3777,-0.2730,-0.1706,0.4142,-0.1248,0.7062,0.0919,-0.2114,0.5935,0.2429,0.1559,0.1274,1.0000,0.7689,#DIV/0!,-1.0000,,,,,,,WR,0.2799,1.0000,0.4546,-0.2369,-0.1155,0.5896,-0.3560,0.6512,0.0129,0.6259,0.3029,-0.3683,-0.0913,-0.1514,-0.0126,-1.0000,0.9951,#DIV/0!,-1.0000,,,,,,,WR,0.7391,0.4546,1.0000,0.1387,0.0010,0.1634,-0.1080,-0.0527,0.1775,0.1316,0.0870,-0.2598,-0.0370,-0.3777,0.2758,1.0000,0.9880,#DIV/0!,-1.0000,,,,,,,RB,0.3777,-0.2369,0.1387,1.0000,-0.1223,-0.1558,0.2162,-0.3060,0.0911,-0.5516,-0.1278,-0.0308,-0.1761,0.9945,-0.5228,1.0000,-0.1952,#DIV/0!,-1.0000,,,,,,,RB,-0.2730,-0.1155,0.0010,-0.1223,1.0000,-0.0618,-0.4824,-0.3264,-0.6125,0.0582,-0.2742,-0.5299,-0.8299,-0.2499,0.9055,-1.0000,-1.0000,#DIV/0!,-1.0000,,,,,,,K,-0.1706,0.5896,0.1634,-0.1558,-0.0618,1.0000,-0.5670,0.3470,-0.3709,-0.2385,0.0062,-0.4560,0.1205,-0.0574,1.0000,#DIV/0!,0.9966,#DIV/0!,#DIV/0!,,,,,,,TE,0.4142,-0.3560,-0.1080,0.2162,-0.4824,-0.5670,1.0000,-0.2278,0.6996,-0.4074,0.0883,0.7874,0.0736,-0.2052,-0.9979,1.0000,-0.5994,#DIV/0!,-1.0000,,,,,,,DEF,-0.1248,0.6512,-0.0527,-0.3060,-0.3264,0.3470,-0.2278,1.0000,-0.1145,0.9342,0.2745,-0.2916,-0.0335,-0.4857,0.0240,-1.0000,0.9942,#DIV/0!,1.0000,,,,,,,WR,0.7062,0.0129,0.1775,0.0911,-0.6125,-0.3709,0.6996,-0.1145,1.0000,#DIV/0!,-0.3522,0.9473,0.5734,#DIV/0!,-1.0000,1.0000,-1.0000,#DIV/0!,1.0000,,,,,,,WR,0.0919,0.6259,0.1316,-0.5516,0.0582,-0.2385,-0.4074,0.9342,#DIV/0!,1.0000,-0.6342,#DIV/0!,#DIV/0!,#DIV/0!,#DIV/0!,#DIV/0!,#DIV/0!,#DIV/0!,#DIV/0!,,,,,,,RB,-0.2114,0.3029,0.0870,-0.1278,-0.2742,0.0062,0.0883,0.2745,-0.3522,-0.6342,1.0000,-0.6124,0.0861,-0.2923,-1.0000,#DIV/0!,#DIV/0!,#DIV/0!,-1.0000,,,,,,,TE,0.5935,-0.3683,-0.2598,-0.0308,-0.5299,-0.4560,0.7874,-0.2916,0.9473,#DIV/0!,-0.6124,1.0000,0.8257,1.0000,#DIV/0!,#DIV/0!,-1.0000,#DIV/0!,#DIV/0!,,,,,,,WR,0.2429,-0.0913,-0.0370,-0.1761,-0.8299,0.1205,0.0736,-0.0335,0.5734,#DIV/0!,0.0861,0.8257,1.0000,#DIV/0!,#DIV/0!,1.0000,#DIV/0!,#DIV/0!,1.0000,,,,,,,WR,0.1559,-0.1514,-0.3777,0.9945,-0.2499,-0.0574,-0.2052,-0.4857,#DIV/0!,#DIV/0!,-0.2923,1.0000,#DIV/0!,1.0000,#DIV/0!,#DIV/0!,#DIV/0!,#DIV/0!,#DIV/0!,,,,,,,TE,0.1274,-0.0126,0.2758,-0.5228,0.9055,1.0000,-0.9979,0.0240,-1.0000,#DIV/0!,-1.0000,#DIV/0!,#DIV/0!,#DIV/0!,1.0000,#DIV/0!,#DIV/0!,#DIV/0!,#DIV/0!,,,,,,,RB,1.0000,-1.0000,1.0000,1.0000,-1.0000,#DIV/0!,1.0000,-1.0000,1.0000,#DIV/0!,#DIV/0!,#DIV/0!,1.0000,#DIV/0!,#DIV/0!,1.0000,#DIV/0!,#DIV/0!,#DIV/0!,,,,,,,RB,0.7689,0.9951,0.9880,-0.1952,-1.0000,0.9966,-0.5994,0.9942,-1.0000,#DIV/0!,#DIV/0!,-1.0000,#DIV/0!,#DIV/0!,#DIV/0!,#DIV/0!,1.0000,#DIV/0!,#DIV/0!,,,,,,,RB,#DIV/0!,#DIV/0!,#DIV/0!,#DIV/0!,#DIV/0!,#DIV/0!,#DIV/0!,#DIV/0!,#DIV/0!,#DIV/0!,#DIV/0!,#DIV/0!,#DIV/0!,#DIV/0!,#DIV/0!,#DIV/0!,#DIV/0!,#DIV/0!,#DIV/0!,,,,,,,QB,-1.0000,-1.0000,-1.0000,-1.0000,-1.0000,#DIV/0!,-1.0000,1.0000,1.0000,#DIV/0!,-1.0000,#DIV/0!,1.0000,#DIV/0!,#DIV/0!,#DIV/0!,#DIV/0!,#DIV/0!,1.0000,,,,,,,BREAK,,,,,,,,,,,,,,,,,,,,,,,,,,WR,1.0000,0.3852,0.0991,0.1586,-0.1129,0.103